    0.00000000
    0.00000000
    0.00000000
    0.00000000
    0.00000000
    0.00000000
    0.00000000
    0.00000000
    0.00000000
    0.00000000
    0.00000000
    0.00000000
    0.00000000
    0.00000000
    0.00000000
    0.00000000
    0.00000000
    0.00000000
    0.00000000
    0.00000000
    0.00000000
    0.00000000
    0.00000000
    0.00000000
    0.00000000
    0.00000000
    0.00000000
    0.00000000
    0.00000000
    0.00000000
    0.00000000
    0.00000000
    0.00000000
    0.00000000
    0.00000000
    0.00000000
    0.00000000
    0.00000000
    0.00000000
    0.00000000
    0.00000000
    0.00000000
    0.00000000
    0.00000000
    0.00000000
    0.00000000
    0.00000000
    0.00000000
    0.00000000
    0.00000000
    0.00000000
    0.00000000
    0.00000000
    0.00000000
    0.00000000
    0.00000000
    0.00000000
    0.00000000
    0.00000000
    0.00000000
    0.00000000
    0.00000000
    0.00000000
    0.00000000
    0.00000000
    0.00000000
    0.00000000
    0.00000000
    0.00000000
    0.00000000
    0.00000000
    0.00000000
    0.00000000
    0.00000000
    0.00000000
    0.00000000
    0.00000000
    0.00000000
    0.00000000
    0.00000000
    0.00000000
    0.00000000
    0.00000000
    0.00000000
    0.00000000
    0.00000000
    0.00000000
    0.00000000
    0.00000000
    0.00000000
    0.00000000
    0.00000000
    0.00000000
    0.00000000
    0.00000000
    0.00000000
    0.00000000
    0.00000000
    0.00000000
    0.00000000
    0.00000000
    0.00000000
    0.00000000
    0.00000000
    0.00000000
    0.00000000
    0.00000000
    0.00000000
    0.00000000
    0.00000000
    0.00000000
    0.00000000
    0.00000000
    0.00000000
    0.00000000
    0.00000000
    0.00000000
    0.00000000
    0.00000000
    0.00000000
    0.00000000
    0.00000000
    0.00000000
    0.00000000
    0.00000000
    0.00000000
    0.00000000
    0.00000000
    0.00000000
    0.00000000
    0.00000000
    0.00000000
    0.00000000
    0.00000000
    0.00000000
    0.00000000
    0.00000000
    0.00000000
    0.00000000
    0.00000000
    0.00000000
    0.00000000
    0.00000000
    0.00000000
    0.00000000
    0.00000000
    0.00000000
    0.00000000
    0.00000000
    0.00000000
    0.00000000
    0.00000000
    0.00000000
    0.00000000
    0.00000000
    0.00000000
    0.00000000
    0.00000000
    0.00000000
    0.00000000
    0.00000000
    0.00000000
    0.00000000
    0.00000000
    0.00000000
    0.00000000
    0.00000000
    0.00000000
    0.00000000
    0.00000000
    0.00000000
    0.00000000
    0.00000000
    0.00000000
    0.00000000
    0.03463372
    0.09349973
    0.02106246
    0.01295313
    0.02522181
    0.01177910
    0.06434242
    0.00985793
    0.03061174
    0.00730154
    0.01068912
    0.02097541
    0.04389581
    0.06159268
    0.14489357
    0.02370855
    0.04973832
    0.01887436
    0.00872120
    0.01317638
    0.00592079
    0.00558249
    0.00520520
    0.02076223
    0.00637548
    0.01056959
    0.03610990
    0.06066737
    0.11129623
    0.02982750
    0.04409798
    0.10398071
    0.02570521
    0.01704250
    0.00447711
    0.00509326
    0.02173420
    0.01319079
    0.05577702
    0.02896349
    0.01111416
    0.01644926
    0.00360273
    0.00351649
    0.02501345
    0.00483594
    0.00598534
    0.01209685
    0.00960004
    0.02429144
    0.01172999
    0.01749715
    0.06422492
    0.01302484
    0.00586737
    0.00362705
    0.01063142
    0.04012639
    0.10058283
    0.00765362
    0.04831997
    0.00739488
    0.01715206
    0.01485111
    0.00360911
    0.04698489
    0.03703079
    0.07579182
    0.01386823
    0.10011022
    0.01884320
    0.06479051
    0.04068877
    0.02817631
    0.13956682
    0.03066794
    0.00884381
    0.00621343
    0.00409774
    0.00302561
    0.02240354
    0.00745874
    0.01507573
    0.01618396
    0.03934368
    0.07832142
    0.00323235
    0.00769677
    0.01442770
    0.00932786
    0.00251993
    0.00267045
    0.00631559
    0.02786587
    0.00486543
    0.02505723
    0.06501591
    0.00826891
    0.06131119
    0.02649969
    0.01104154
    0.01731167
    0.04572829
    0.00812998
    0.01528298
    0.02433824
    0.08123869
    0.03427895
    0.02097126
    0.00641018
    0.00307799
    0.05001960
    0.00284742
    0.03367036
    0.02737892
    0.01137607
    0.01879546
    0.02207630
    0.04185874
    0.02027772
    0.01046607
    0.01522984
    0.02188160
    0.01386048
    0.04700007
    0.00278171
    0.01580252
    0.05259560
    0.10010903
    0.14782846
    0.07344078
    0.03156335
    0.00227436
    0.11350963
    0.00361719
    0.00344522
    0.00332102
    0.00365601
    0.02010467
    0.08720664
    0.05284618
    0.00898705
    0.01457243
    0.13383569
    0.10603451
    0.00994765
    0.00583990
    0.04617637
    0.00465239
    0.01011332
    0.00619753
    0.02311251
    0.00641583
    0.00213108
    0.00251957
    0.01147073
    0.00685047
    0.07609347
    0.03021374
    0.03391121
    0.03003980
    0.01346996
    0.00246625
    0.03319142
    0.00906436
    0.00443085
    0.02579104
    0.01229370
    0.02207171
    0.02145626
    0.00436620
    0.01169703
    0.01508302
    0.01000376
    0.00683743
    0.00337328
    0.02509498
    0.03500270
    0.01239370
    0.00175790
    0.00184095
    0.01996163
    0.01236711
    0.00527493
    0.03984456
    0.04166389
    0.05620206
    0.00175548
    0.06117956
    0.11731922
    0.00658272
    0.00916126
    0.05002476
    0.07385009
    0.02594632
    0.02307138
    0.02052504
    0.00749301
    0.01283644
    0.01044973
    0.00832411
    0.00488094
    0.00470065
    0.02826908
    0.02463462
    0.01890206
    0.05364382
    0.08088043
    0.06492233
    0.00358069
    0.01496057
    0.01190535
    0.00562079
    0.03819036
    0.00570473
    0.00415428
    0.02898895
    0.01802489
    0.00174419
    0.00457597
    0.00241386
    0.00777783
    0.00847316
    0.00652852
    0.00176128
    0.00185725
    0.00718791
    0.05040997
    0.00182471
    0.01105489
    0.01205989
    0.01345903
    0.01896198
    0.02148901
    0.01689109
    0.01281261
    0.00924585
    0.01701584
    0.00307585
    0.00281750
    0.00176098
    0.00751221
    0.03196894
    0.00505665
    0.03168443
    0.01118563
    0.11227701
    0.01398324
    0.04070368
    0.04210500
    0.00922861
    0.00536821
    0.01461683
    0.03641681
    0.02341471
    0.03842953
    0.07334431
    0.00767257
    0.00877649
    0.00370739
    0.00698085
    0.01273191
    0.02219029
    0.00917066
    0.00165774
    0.07629045
    0.00189275
    0.01473362
    0.01392897
    0.03629486
    0.04925496
    0.01363456
    0.02912384
    0.03157278
    0.03905004
    0.03548453
    0.05472572
    0.05296699
    0.03174607
    0.00188552
    0.00649356
    0.01978231
    0.01734560
    0.03527293
    0.00155791
    0.02212988
    0.02035725
    0.00523757
    0.01229645
    0.00225257
    0.04867178
    0.00729969
    0.13992202
    0.00771342
    0.00836746
    0.03051206
    0.02947902
    0.00301633
    0.03691494
    0.01575289
    0.01861448
    0.01140049
    0.02860427
    0.00844516
    0.01266801
    0.00139873
    0.02478035
    0.01461250
    0.05147165
    0.01056076
    0.07992950
    0.12425279
    0.06526815
    0.06307949
    0.05337141
    0.02765434
    0.00829211
    0.01741166
    0.00206465
    0.00159820
    0.00538569
    0.00609579
    0.03863657
    0.01594176
    0.00677476
    0.02160301
    0.15271864
    0.12476855
    0.11647480
    0.01315297
    0.00518429
    0.00396263
    0.00145515
    0.09768817
    0.11688531
    0.04244140
    0.06896772
    0.00132992
    0.00126328
    0.00630949
    0.00438371
    0.00382822
    0.00433273
    0.08552834
    0.03968005
    0.04159526
    0.10896259
    0.01375234
    0.02173271
    0.00722656
    0.00434144
    0.01542554
    0.01811109
    0.01006967
    0.00300806
    0.00954355
    0.01275651
    0.02870910
    0.00244379
    0.00262848
    0.02368092
    0.01901461
    0.02214426
    0.05160667
    0.01025280
    0.01534834
    0.03225036
    0.01750024
    0.00731299
    0.01617292
    0.00616327
    0.00614913
    0.03008228
    0.01563945
    0.00466851
    0.00154826
    0.00381983
    0.00415177
    0.04483544
    0.04816867
    0.06438394
    0.08963121
    0.00163350
    0.01726114
    0.03305421
    0.00715689
    0.02626534
    0.00430430
    0.03034661
    0.03840398
    0.00684541
    0.04876194
    0.04590234
    0.01737311
    0.00318393
    0.05266257
    0.02029192
    0.02100014
    0.06562929
    0.00874565
    0.02549198
    0.03503555
    0.03671500
    0.02167236
    0.01134726
    0.00624679
    0.01666025
    0.02284289
    0.04483019
    0.05919087
    0.07748660
    0.06248901
    0.02081285
    0.01366487
    0.01615731
    0.03339568
    0.01233751
    0.03006385
    0.01187486
    0.00136957
    0.00167359
    0.02353388
    0.00681923
    0.03647089
    0.00617688
    0.01576141
    0.01279070
    0.02068650
    0.07173159
    0.07274918
    0.08941106
    0.00417329
    0.03312569
    0.00334025
    0.02307942
    0.03166719
    0.01075712
    0.02112683
    0.06387164
    0.00963033
    0.00345975
    0.00450495
    0.02477142
    0.02301941
    0.01654302
    0.00117326
    0.05509189
    0.00776756
    0.02361174
    0.01012511
    0.00688366
    0.00774758
    0.00951786
    0.03923132
    0.08425157
    0.00184939
    0.08267798
    0.00631126
    0.00173687
    0.01807782
    0.00634889
    0.00185296
    0.14533130
    0.00340010
    0.00400713
    0.03417926
    0.00488858
    0.01154371
    0.04475841
    0.05621815
    0.00858373
    0.00288231
    0.00269125
    0.00895847
    0.01046686
    0.00790956
    0.00782772
    0.00933226
    0.00442813
    0.01904684
    0.02230556
    0.02538846
    0.00462454
    0.00462988
    0.00401792
    0.00286574
    0.02529922
    0.00305518
    0.00976536
    0.02478955
    0.06257549
    0.00640324
    0.00275045
    0.09462756
    0.00765008
    0.01839426
    0.00135544
    0.02076849
    0.01531001
    0.01993912
    0.02207190
    0.02647941
    0.01093727
    0.04450813
    0.04102567
    0.00499542
    0.00387714
    0.00300907
    0.07431349
    0.07952271
    0.00500666
    0.02621449
    0.01032476
    0.00576487
    0.01728698
    0.01570121
    0.08144571
    0.02510735
    0.02647303
    0.03252218
    0.03684515
    0.01246337
    0.00121181
    0.00912644
    0.02724218
    0.02376470
    0.02635684
    0.00555269
    0.00620972
    0.01422968
    0.01512759
    0.00474156
    0.02920435
    0.00673780
    0.01328360
    0.01687169
    0.01382283
    0.00342469
    0.00856376
    0.00905828
    0.05507841
    0.01275275
    0.00670211
    0.01158717
    0.04722545
    0.04146022
    0.04839642
    0.01673873
    0.05783058
    0.02867627
    0.00317425
    0.00095422
    0.01101992
    0.00588006
    0.00168199
    0.00548849
    0.00133257
    0.00249017
    0.04302557
    0.13111788
    0.13153936
    0.00141166
    0.00381504
    0.00615463
    0.00772777
    0.00118276
    0.00804707
    0.01304696
    0.06055538
    0.00406330
    0.00415507
    0.01076965
    0.01677592
    0.02354110
    0.04425769
    0.00220598
    0.08971212
    0.00243665
    0.00857573
    0.00564619
    0.09463633
    0.11912963
    0.00211167
    0.02998974
    0.09039382
    0.01350204
    0.07157530
    0.06362520
    0.03537545
    0.01401405
    0.00407575
    0.00435729
    0.00642657
    0.00511881
    0.00593597
    0.00449978
    0.02818887
    0.00300975
    0.01111845
    0.00896144
    0.01154925
    0.01487319
    0.00916204
    0.00649291
    0.00093577
    0.00105477
    0.12271473
    0.00317554
    0.00301176
    0.00330619
    0.00398110
    0.00501972
    0.00110623
    0.00102680
    0.03522144
    0.01883937
    0.02274208
    0.00632270
    0.01954262
    0.01650906
    0.01343870
    0.01031928
    0.00803170
    0.13005767
    0.00229201
    0.02068688
    0.00230753
    0.02829154
    0.01289915
    0.00944374
    0.03294886
    0.02714654
    0.09860406
    0.07384410
    0.02217485
    0.10249132
    0.04838706
    0.05898257
    0.00164785
    0.08521023
    0.02992536
    0.05082554
    0.01036741
    0.03273386
    0.05584786
    0.05656181
    0.08998526
    0.09354516
    0.10275186
    0.11897640
    0.14390118
    0.00882966
    0.04185262
    0.03658502
    0.02992377
    0.01631956
    0.00791534
    0.02116156
    0.00558798
    0.00993766
    0.00145043
    0.01046778
    0.00993116
    0.05579072
    0.04906086
    0.14096994
    0.00204022
    0.05664062
    0.00257193
    0.00996765
    0.00133909
    0.09401243
    0.04883591
    0.00087131
    0.02285335
    0.02916361
    0.03289288
    0.04794318
    0.00686436
    0.01760699
    0.00594677
    0.00853610
    0.15329658
    0.00304695
    0.02794895
    0.01246445
    0.00260003
    0.00236867
    0.00229452
    0.05974403
    0.12168758
    0.00520749
    0.01189740
    0.00962488
    0.00094372
    0.03872675
    0.03089080
    0.01239302
    0.01047590
    0.00492382
    0.01692322
    0.01394860
    0.01135571
    0.00928933
    0.00871385
    0.01074646
    0.04572713
    0.00342726
    0.01439810
    0.00247626
    0.00761056
    0.01322076
    0.00109095
    0.00211972
    0.00119531
    0.00413293
    0.00260800
    0.00359083
    0.00266844
    0.00430499
    0.01139733
    0.01871037
    0.00093709
    0.03895700
    0.00643413
    0.00499250
    0.00109477
    0.00125678
    0.11179986
    0.03704169
    0.07476231
    0.01442200
    0.00841497
    0.10315719
    0.00971641
    0.01969934
    0.03313153
    0.00726645
    0.00767833
    0.01874628
    0.00126563
    0.04811089
    0.03298083
    0.02741004
    0.03176980
    0.03259894
    0.03922716
    0.01662396
    0.01451428
    0.00481248
    0.01811001
    0.01552450
    0.01378351
    0.02852618
    0.01314799
    0.00673609
    0.02198151
    0.06762926
    0.00637867
    0.01037314
    0.01824613
    0.02245433
    0.00599616
    0.00171488
    0.00494082
    0.01906623
    0.01966712
    0.01489389
    0.02746514
    0.03700900
    0.04085631
    0.01067149
    0.00092249
    0.01881609
    0.02346044
    0.01142179
    0.03986299
    0.12726424
    0.02210004
    0.03654170
    0.00338126
    0.01076349
    0.02240236
    0.01157020
    0.01173837
    0.04000540
    0.00594904
    0.05760789
    0.01898412
    0.01997542
    0.02436193
    0.02612365
    0.02783370
    0.00569301
    0.02557891
    0.01575990
    0.01418369
    0.00087389
    0.01405195
    0.00697698
    0.00342753
    0.00480124
    0.06417524
    0.01462341
    0.15513184
    0.01149425
    0.01615340
    0.01696234
    0.00092047
    0.00325250
    0.08664465
    0.13409163
    0.01594561
    0.00189564
    0.01156584
    0.00326525
    0.00754922
    0.00492845
    0.02577032
    0.00254998
    0.00641409
    0.00565128
    0.00414999
    0.01539391
    0.04276836
    0.03645964
    0.03741536
    0.02080000
    0.05406605
    0.06630962
    0.04113187
    0.05633020
    0.00793262
    0.00564884
    0.00522068
    0.02102506
    0.01600473
    0.01749367
    0.03323704
    0.00142025
    0.00121259
    0.07111219
    0.00536059
    0.00738423
    0.06028344
    0.01323047
    0.04502509
    0.00394722
    0.00395230
    0.02340393
    0.02581947
    0.02877566
    0.07625785
    0.08375313
    0.06761670
    0.01994860
    0.03657468
    0.03418080
    0.02100678
    0.02439096
    0.00813241
    0.00773380
    0.02722274
    0.01318345
    0.07430566
    0.05247890
    0.03068874
    0.01771654
    0.00781456
    0.00234740
    0.01030105
    0.01254504
    0.06171582
    0.00256382
    0.00970486
    0.00815139
    0.00706368
    0.00997865
    0.00427035
    0.00213046
    0.00113788
    0.04361854
    0.03981628
    0.00232062
    0.01842008
    0.04776052
    0.00220782
    0.00429165
    0.00274369
    0.00280262
    0.02283652
    0.10448038
    0.00088905
    0.02867791
    0.02477103
    0.00290088
    0.04224755
    0.07242057
    0.00905409
    0.04296203
    0.00898379
    0.00520394
    0.04915711
    0.02954878
    0.00680489
    0.00428374
    0.00338732
    0.01149149
    0.00417503
    0.02426560
    0.01251408
    0.00733259
    0.09162541
    0.01402786
    0.07230146
    0.02017420
    0.03710119
    0.03509494
    0.01018221
    0.00156042
    0.01619332
    0.01325857
    0.03925846
    0.08359231
    0.01367417
    0.02702117
    0.01507362
    0.01307141
    0.05300033
    0.04102141
    0.00134331
    0.00244760
    0.00227206
    0.00088349
    0.00462221
    0.01089804
    0.00677819
    0.08838419
    0.01965421
    0.02010968
    0.00073412
    0.01420299
    0.03791360
    0.00759623
    0.00093041
    0.01427184
    0.00089257
    0.02063947
    0.01544652
    0.10697117
    0.02748909
    0.00229339
    0.00673098
    0.04667918
    0.01511174
    0.01834499
    0.03408527
    0.00203791
    0.00173841
    0.00072189
    0.02720447
    0.04468346
    0.05111070
    0.00102887
    0.01319118
    0.00381770
    0.00919563
    0.00543188
    0.01053646
    0.01540430
    0.01229449
    0.02980196
    0.01024135
    0.00988000
    0.00077004
    0.01232202
    0.08017252
    0.03467801
    0.02212429
    0.06341645
    0.07386932
    0.00325291
    0.01683201
    0.01088653
    0.00953559
    0.00401250
    0.00649770
    0.00778898
    0.04305698
    0.01936390
    0.01854481
    0.02023840
    0.02315496
    0.02323205
    0.04069300
    0.00802568
    0.03378734
    0.02967724
    0.00185593
    0.00219980
    0.00628405
    0.00435018
    0.00347749
    0.03145580
    0.01890787
    0.01712704
    0.00350727
    0.00703606
    0.00811700
    0.01674417
    0.00284266
    0.02345199
    0.00244738
    0.01050705
    0.03635063
    0.00801633
    0.00607951
    0.01511574
    0.02631318
    0.00245932
    0.03078140
    0.02554568
    0.02197222
    0.01077238
    0.01154270
    0.13241781
    0.11434913
    0.03233904
    0.00388049
    0.02776597
    0.02940272
    0.03176003
    0.02349170
    0.00216244
    0.00092089
    0.02605894
    0.01542996
    0.01303141
    0.02205910
    0.04022204
    0.04475144
    0.04435271
    0.00559313
    0.01123572
    0.02296376
    0.05110744
    0.01360793
    0.09341579
    0.01510777
    0.05284081
    0.01126759
    0.05998051
    0.01216188
    0.01588664
    0.02133221
    0.00577637
    0.04969375
    0.05622333
    0.05004993
    0.03696177
    0.00080054
    0.00792537
    0.00501988
    0.08616543
    0.02000776
    0.01651890
    0.01658133
    0.01928460
    0.01974482
    0.01645604
    0.01080880
    0.00882465
    0.00785391
    0.01031480
    0.00637994
    0.01000423
    0.02652626
    0.00369561
    0.03181697
    0.01365486
    0.00185425
    0.00213947
    0.00606285
    0.00343377
    0.01090986
    0.01083610
    0.00894026
    0.02903827
    0.01073747
    0.06523818
    0.00076072
    0.02521732
    0.03564440
    0.01443791
    0.04400474
    0.06017181
    0.03001917
    0.00551078
    0.00258987
    0.05485349
    0.03724413
    0.01285971
    0.00688181
    0.01659847
    0.00210071
    0.05168715
    0.05092694
    0.08075858
    0.00896810
    0.01624205
    0.00358416
    0.01280702
    0.01917964
    0.00785681
    0.02964323
    0.01711311
    0.02065772
    0.03256753
    0.00406433
    0.01466941
    0.04426566
    0.07269386
    0.00273117
    0.03509534
    0.03789143
    0.05859200
    0.00675043
    0.00784733
    0.00099655
    0.00108704
    0.05888140
    0.00213915
    0.00481397
    0.00216521
    0.01602413
    0.01562899
    0.03277577
    0.02653044
    0.00252985
    0.00636769
    0.02344629
    0.08493824
    0.00896851
    0.00321640
    0.02286049
    0.01305825
    0.00566494
    0.00505602
    0.00436872
    0.01500668
    0.00100674
    0.06055179
    0.01607762
    0.01432287
    0.00104624
    0.00708790
    0.03674261
    0.00861919
    0.10013205
    0.03580641
    0.05641694
    0.00361530
    0.02974981
    0.06575797
    0.03399223
    0.01680018
    0.02836382
    0.02793017
    0.00200262
    0.00176337
    0.13061422
    0.02361181
    0.04841729
    0.00764357
    0.00887801
    0.00706040
    0.00652167
    0.02522090
    0.02852190
    0.02347010
    0.02593561
    0.02432201
    0.02247237
    0.03561168
    0.03776518
    0.04220606
    0.00915996
    0.00735678
    0.00910847
    0.02601713
    0.03060396
    0.02736378
    0.00100390
    0.00236540
    0.00807610
    0.00604200
    0.00721277
    0.01045872
    0.06957290
    0.02955653
    0.14302127
    0.14655032
    0.09314530
    0.11354207
    0.02209800
    0.01887454
    0.00541016
    0.01889911
    0.01188167
    0.01656010
    0.00871999
    0.01529975
    0.02332700
    0.01402845
    0.01232853
    0.01472473
    0.01311255
    0.01258926
    0.01032428
    0.00888202
    0.00762948
    0.01315121
    0.00229692
    0.00103419
    0.05349804
    0.03570335
    0.02662465
    0.01831787
    0.04269740
    0.01329152
    0.00350212
    0.02782997
    0.03079065
    0.01251270
    0.00644884
    0.02328768
    0.00399691
    0.00514036
    0.00519070
    0.01887512
    0.05257097
    0.05389022
    0.00560807
    0.00091252
    0.00759649
    0.00749710
    0.00949731
    0.00276573
    0.01367378
    0.03825887
    0.11392424
    0.01247993
    0.00211174
    0.00069331
    0.00378160
    0.00385380
    0.00306892
    0.03121819
    0.02620532
    0.01212743
    0.01097835
    0.03716896
    0.00252831
    0.00928078
    0.01166760
    0.00713412
    0.00094966
    0.00063685
    0.01432307
    0.01722233
    0.00735675
    0.00860383
    0.01210126
    0.04509316
    0.04262989
    0.01290131
    0.00127142
    0.00139589
    0.00431995
    0.02494100
    0.02183148
    0.00939361
    0.00988561
    0.00618673
    0.00086002
    0.00537950
    0.02803003
    0.12745785
    0.01930256
    0.01493368
    0.00736401
    0.01369673
    0.01213709
    0.05908099
    0.02400971
    0.05668229
    0.04872468
    0.00216123
    0.01409731
    0.03922989
    0.06171021
    0.06356104
    0.11462419
    0.11322523
    0.00474010
    0.00568288
    0.00486397
    0.00435591
    0.00825149
    0.04553316
    0.00075413
    0.01824593
    0.07288943
    0.08377831
    0.06536402
    0.06581034
    0.00823149
    0.02939481
    0.00459167
    0.03249098
    0.05714990
    0.05870955
    0.01655762
    0.05236606
    0.01708255
    0.02002942
    0.03772373
    0.00372046
    0.01337930
    0.00647738
    0.01008115
    0.00171222
    0.01258114
    0.01496260
    0.00444609
    0.00734052
    0.00219674
    0.01092519
    0.01971476
    0.02002102
    0.00633850
    0.08535247
    0.05341731
    0.01350967
    0.00287766
    0.00166426
    0.00793581
    0.00570029
    0.00494650
    0.00203776
    0.00108900
    0.12891617
    0.10441074
    0.11496060
    0.00160990
    0.00330903
    0.13774919
    0.02750806
    0.00089526
    0.13178079
    0.00907433
    0.10816724
    0.10413137
    0.08446705
    0.15027169
    0.04848670
    0.03272857
    0.14534349
    0.13079881
    0.11468500
    0.13299971
    0.01190859
    0.02302208
    0.03164702
    0.01265877
    0.01174488
    0.03480500
    0.02687520
    0.01907570
    0.07114582
    0.00475209
    0.00699600
    0.01762044
    0.01798960
    0.00760172
    0.02433817
    0.02504753
    0.00061077
    0.01054100
    0.06221821
    0.04578579
    0.04343951
    0.00512610
    0.00360601
    0.01728887
    0.01996274
    0.09376425
    0.00074701
    0.07619378
    0.00830962
    0.09493937
    0.08307872
    0.00409440
    0.00062050
    0.00199839
    0.00068207
    0.00065367
    0.00194182
    0.11168636
    0.02715616
    0.00405433
    0.00363811
    0.00075497
    0.00679106
    0.00833339
    0.12153514
    0.10830678
    0.09759185
    0.00781747
    0.03643475
    0.00182389
    0.00672866
    0.00522556
    0.00464268
    0.00353560
    0.04587839
    0.03494267
    0.02767866
    0.07131994
    0.01899855
    0.04239594
    0.00879372
    0.01689122
    0.01684950
    0.02269823
    0.02267905
    0.03475039
    0.02994645
    0.01268462
    0.01818261
    0.00100512
    0.07271267
    0.00086894
    0.00208036
    0.01628270
    0.00467747
    0.00374688
    0.00123829
    0.00403866
    0.01576196
    0.00822020
    0.00161141
    0.00376675
    0.00089278
    0.00138342
    0.03043228
    0.00410645
    0.01412420
    0.06915566
    0.01613572
    0.00554937
    0.00126612
    0.00918655
    0.00065840
    0.00636579
    0.05187900
    0.01804506
    0.00309235
    0.01001257
    0.00794839
    0.01167337
    0.00889119
    0.01563072
    0.02693568
    0.00729937
    0.00599637
    0.00158369
    0.02161540
    0.01494383
    0.04747693
    0.00095971
    0.00057559
    0.04221940
    0.01977579
    0.00304203
    0.00561779
    0.00093940
    0.00674816
    0.01425986
    0.02285271
    0.04470341
    0.01422264
    0.05607003
    0.00533068
    0.00455047
    0.00328944
    0.00369308
    0.00441319
    0.04637254
    0.01788786
    0.01820944
    0.02673669
    0.00780044
    0.01167549
    0.01138759
    0.00240681
    0.02261590
    0.05916070
    0.00102603
    0.00782018
    0.03231060
    0.02602389
    0.02536156
    0.05197247
    0.00188925
    0.00628875
    0.00977479
    0.00954213
    0.00482500
    0.02436951
    0.03295774
    0.07675493
    0.08656424
    0.00946449
    0.04007669
    0.03632447
    0.00854259
    0.01603814
    0.01086807
    0.01254629
    0.01570253
    0.01405420
    0.01753144
    0.09340522
    0.01131478
    0.00128609
    0.01384241
    0.01164176
    0.02405620
    0.05693493
    0.01823066
    0.00480981
    0.00451308
    0.00343928
    0.00550509
    0.00385634
    0.00529886
    0.00685012
    0.00284670
    0.00185110
    0.00062616
    0.00906640
    0.02592836
    0.00124028
    0.01809978
    0.00312975
    0.00323616
    0.00530524
    0.05145273
    0.00164362
    0.00173025
    0.00273115
    0.01824004
    0.01321687
    0.06519936
    0.01887380
    0.01060038
    0.04271087
    0.00575990
    0.03122716
    0.02331337
    0.00954196
    0.03403170
    0.00684678
    0.00237290
    0.00077254
    0.00059506
    0.00472755
    0.01575938
    0.01941710
    0.00054269
    0.00251266
    0.00328100
    0.00819761
    0.00607530
    0.00484012
    0.00156913
    0.15208399
    0.08725172
    0.09259232
    0.08100282
    0.00304226
    0.00450043
    0.04493240
    0.05202166
    0.07348860
    0.04713115
    0.04245273
    0.05709973
    0.04404188
    0.06049353
    0.01731681
    0.06144723
    0.01868526
    0.07239322
    0.05832651
    0.01720985
    0.03941574
    0.01045392
    0.01042174
    0.00265608
    0.01007943
    0.00939586
    0.00410478
    0.00357764
    0.06986595
    0.02630567
    0.03474287
    0.00502487
    0.02052477
    0.02106024
    0.03594470
    0.03700765
    0.00366990
    0.02733278
    0.00105666
    0.00428486
    0.01046391
    0.00865796
    0.06592482
    0.01740242
    0.00947193
    0.04908923
    0.04594001
    0.03359831
    0.03047083
    0.00202418
    0.00658922
    0.00684829
    0.00602442
    0.05721708
    0.00175809
    0.00138372
    0.05880418
    0.05402642
    0.06252617
    0.03095495
    0.04397144
    0.04309723
    0.01278358
    0.01659252
    0.01786467
    0.00146285
    0.00350980
    0.02059789
    0.00897726
    0.03202730
    0.02247497
    0.01186307
    0.15194023
    0.01129613
    0.01384001
    0.02959698
    0.02633146
    0.00232349
    0.01859681
    0.00498924
    0.01431498
    0.00863601
    0.01678252
    0.13257463
    0.07088386
    0.06278891
    0.02520034
    0.02228485
    0.02254524
    0.00309486
    0.00966992
    0.05087600
    0.00764681
    0.00903477
    0.06097867
    0.06035536
    0.07005219
    0.09754462
    0.10797782
    0.00716744
    0.01660151
    0.04897519
    0.00768116
    0.00625834
    0.00482931
    0.03849971
    0.01069305
    0.01748746
    0.03783113
    0.03245084
    0.01545809
    0.00294255
    0.01245022
    0.03242372
    0.02922637
    0.01140690
    0.02799972
    0.02615829
    0.00547489
    0.04037411
    0.00102954
    0.01388511
    0.01433570
    0.01448050
    0.00193691
    0.03226393
    0.00241879
    0.02343631
    0.02407946
    0.02060078
    0.02241995
    0.04516738
    0.02027645
    0.00145593
    0.00230358
    0.00159730
    0.02241792
    0.02423261
    0.02164825
    0.00675455
    0.01106129
    0.00821328
    0.02055770
    0.02121321
    0.02265942
    0.00992989
    0.08495894
    0.07437488
    0.07056331
    0.13405398
    0.00391025
    0.00530031
    0.00165711
    0.00148868
    0.01901081
    0.00778418
    0.02961724
    0.01083016
    0.00339633
    0.01705182
    0.00233417
    0.01174992
    0.07508700
    0.07604142
    0.03428185
    0.00206182
    0.00581489
    0.03310440
    0.03388099
    0.01172798
    0.00956409
    0.02819419
    0.00590697
    0.03566130
    0.02030110
    0.00956110
    0.00968133
    0.01089531
    0.01156194
    0.02132385
    0.01525870
    0.00601308
    0.00756029
    0.00732443
    0.01369104
    0.01420613
    0.00059022
    0.03125048
    0.00903199
    0.02234970
    0.14626555
    0.13374887
    0.00242796
    0.04196958
    0.00064850
    0.00706502
    0.01762002
    0.00893091
    0.01069540
    0.00638445
    0.00418420
    0.00309142
    0.01827035
    0.07559647
    0.00404203
    0.00589224
    0.00474860
    0.00713511
    0.00117589
    0.05194902
    0.03351663
    0.06917132
    0.06876844
    0.00562410
    0.03010832
    0.07442575
    0.00521839
    0.01521092
    0.01319362
    0.00465818
    0.00920133
    0.00047049
    0.00075711
    0.07940792
    0.02115989
    0.00800528
    0.02152250
    0.00085365
    0.00303786
    0.01055531
    0.04105879
    0.01669909
    0.00051667
    0.01176448
    0.00048885
    0.00057206
    0.00342867
    0.00210573
    0.01421641
    0.01689942
    0.01939705
    0.04738424
    0.01650286
    0.00657823
    0.00056106
    0.10052895
    0.00415011
    0.00319542
    0.03142721
    0.02191109
    0.01396525
    0.03558749
    0.00101179
    0.00300756
    0.00201410
    0.07215128
    0.00839102
    0.00344365
    0.02022952
    0.04869903
    0.04363376
    0.00488073
    0.00531711
    0.08161476
    0.03743170
    0.06731217
    0.04312066
    0.03490053
    0.00076428
    0.02891502
    0.00119697
    0.03845971
    0.07747331
    0.00402068
    0.01483894
    0.00909151
    0.00985034
    0.01031779
    0.03254621
    0.00207553
    0.00758800
    0.00644475
    0.00672975
    0.00637108
    0.00799090
    0.01211628
    0.05637134
    0.02229417
    0.05585730
    0.05541642
    0.06039484
    0.06874468
    0.00806241
    0.02562285
    0.01581658
    0.01905366
    0.01976228
    0.00420068
    0.00531298
    0.10113586
    0.09670165
    0.06494715
    0.06050891
    0.01090861
    0.04682808
    0.01274959
    0.01103035
    0.00172755
    0.02159913
    0.05241032
    0.01238783
    0.02600193
    0.03123951
    0.01774538
    0.01643750
    0.04280291
    0.02148386
    0.00671744
    0.00687605
    0.00674395
    0.00583122
    0.00446647
    0.03654086
    0.00546557
    0.00431518
    0.00240606
    0.00913440
    0.05638631
    0.00356070
    0.01385775
    0.04716619
    0.00318814
    0.00406354
    0.00345505
    0.02079421
    0.01929760
    0.00280931
    0.00083832
    0.00062738
    0.00147292
    0.00145601
    0.06697671
    0.04158465
    0.04105228
    0.00480377
    0.01135500
    0.00982617
    0.03500256
    0.01220244
    0.01073638
    0.00843628
    0.00958250
    0.01016556
    0.02970084
    0.00464886
    0.00870161
    0.00640611
    0.02173658
    0.02045861
    0.00340230
    0.00282890
    0.00418783
    0.01076998
    0.01113660
    0.00643713
    0.03349063
    0.00085937
    0.07124253
    0.00493958
    0.00556159
    0.06954409
    0.03949354
    0.00288093
    0.03098264
    0.01040963
    0.01780076
    0.03960201
    0.00710681
    0.00605084
    0.01121158
    0.05890650
    0.00430610
    0.00316872
    0.00225142
    0.00483415
    0.00499369
    0.00492952
    0.00403473
    0.06446042
    0.00425905
    0.00458380
    0.03136924
    0.00067751
    0.01921582
    0.04139863
    0.02879863
    0.02343177
    0.01585136
    0.02249331
    0.02403553
    0.02176796
    0.00627632
    0.00328013
    0.00235973
    0.00370648
    0.00173322
    0.00771853
    0.00921848
    0.00810115
    0.00984121
    0.01254650
    0.00160257
    0.00393458
    0.01802981
    0.03642217
    0.01761058
    0.04621254
    0.01904472
    0.02090963
    0.09895298
    0.00214408
    0.02159050
    0.02694779
    0.01578675
    0.01465286
    0.14422261
    0.04088658
    0.02008876
    0.00153322
    0.01424410
    0.01511025
    0.01991767
    0.00696617
    0.00545355
    0.00271387
    0.00260274
    0.00374549
    0.00488736
    0.09032871
    0.08487124
    0.05012665
    0.00319885
    0.00365451
    0.01813206
    0.00053494
    0.02049433
    0.01835246
    0.01442183
    0.00186013
    0.00224003
    0.01380897
    0.05114475
    0.02450367
    0.02733362
    0.02364629
    0.09732367
    0.00146309
    0.02358772
    0.02648740
    0.02544007
    0.01012916
    0.00225857
    0.00692732
    0.00147801
    0.02199288
    0.00525296
    0.00400385
    0.01480748
    0.00759593
    0.00820212
    0.01101038
    0.01324089
    0.00885763
    0.01915041
    0.01813436
    0.01359273
    0.00512273
    0.01137388
    0.01045368
    0.00907854
    0.12014961
    0.00797673
    0.00872339
    0.02508726
    0.00349795
    0.00648252
    0.00601254
    0.00439336
    0.01212150
    0.02888488
    0.02382615
    0.02040371
    0.07079741
    0.04756990
    0.00057666
    0.00118178
    0.00223931
    0.00210990
    0.00576346
    0.04023112
    0.00248615
    0.00413150
    0.00869269
    0.04931898
    0.01138154
    0.00278358
    0.00550575
    0.01978769
    0.00298406
    0.00058892
    0.00818814
    0.00243981
    0.00222921
    0.01093772
    0.00452336
    0.00576698
    0.10430304
    0.08140775
    0.01555736
    0.03400900
    0.01384329
    0.01304169
    0.01782249
    0.00696180
    0.00050159
    0.00501487
    0.07943492
    0.00068198
    0.01245391
    0.01132918
    0.04113203
    0.04366778
    0.01802247
    0.01744389
    0.01567340
    0.02227328
    0.00985034
    0.02665216
    0.00044736
    0.01475571
    0.01590416
    0.02863618
    0.02857031
    0.02543710
    0.06069876
    0.06862790
    0.00145028
    0.00210552
    0.03088491
    0.04422377
    0.00474368
    0.00242267
    0.00428771
    0.03535475
    0.03266692
    0.01818013
    0.04404749
    0.07871848
    0.09073594
    0.01286369
    0.00045375
    0.01531479
    0.08622208
    0.11395812
    0.00122149
    0.00398268
    0.04158797
    0.00056764
    0.00063101
    0.02965058
    0.01220369
    0.00932765
    0.01007878
    0.02579079
    0.01600079
    0.02976894
    0.00557125
    0.01852445
    0.02324786
    0.02679486
    0.02505839
    0.01983321
    0.01751750
    0.00838857
    0.00666728
    0.00634761
    0.00183369
    0.01203064
    0.02358036
    0.02673603
    0.00416560
    0.15607598
    0.00392004
    0.01162699
    0.01020288
    0.01814716
    0.01736630
    0.01799825
    0.08679401
    0.08417318
    0.01804066
    0.01936748
    0.00236233
    0.00293667
    0.00369025
    0.01548398
    0.00316922
    0.00262682
    0.05104563
    0.00047888
    0.00778154
    0.02644214
    0.03101779
    0.03076830
    0.00490540
    0.00569714
    0.00480878
    0.01256228
    0.00583535
    0.01645810
    0.02769483
    0.02463803
    0.02767979
    0.03800231
    0.03267917
    0.00741523
    0.01013932
    0.04024765
    0.00815712
    0.03162022
    0.00561297
    0.00903563
    0.03501450
    0.00664588
    0.00892502
    0.02401468
    0.01404493
    0.09713246
    0.00191886
    0.00286375
    0.11691402
    0.00366150
    0.00750571
    0.00297267
    0.00180567
    0.01285577
    0.00645781
    0.00577501
    0.00711523
    0.04742148
    0.00995748
    0.01250957
    0.03775715
    0.00053211
    0.05008038
    0.04783863
    0.01808062
    0.00600386
    0.01231434
    0.01222477
    0.03339905
    0.07724102
    0.00399631
    0.00674973
    0.01165052
    0.02232350
    0.00370603
    0.01920833
    0.00172861
    0.03009918
    0.00137411
    0.07614519
    0.01214497
    0.00493059
    0.00440630
    0.03934405
    0.01718812
    0.08931326
    0.00437285
    0.07718569
    0.05373364
    0.03136803
    0.01748781
    0.00143940
    0.02465457
    0.07886590
    0.01143992
    0.00307522
    0.00737399
    0.00629693
    0.07326639
    0.02576865
    0.01082696
    0.00883454
    0.02931151
    0.02768400
    0.01412761
    0.02393297
    0.03625808
    0.01295724
    0.00157151
    0.01561282
    0.01599180
    0.09059756
    0.01260369
    0.01254264
    0.01422040
    0.01338334
    0.01438968
    0.01920373
    0.08707057
    0.10063027
    0.07272914
    0.10385205
    0.09795811
    0.00342753
    0.00973845
    0.02582031
    0.00542302
    0.00606647
    0.00094532
    0.03873247
    0.01917115
    0.01323546
    0.02496591
    0.01472601
    0.00683697
    0.00733358
    0.00055114
    0.01882464
    0.00269919
    0.02674678
    0.00511662
    0.00620682
    0.02619420
    0.15393765
    0.00779764
    0.01621548
    0.01610068
    0.02065553
    0.01097436
    0.11683401
    0.01358632
    0.01074777
    0.01205023
    0.03094222
    0.02726402
    0.01418760
    0.00587704
    0.00158801
    0.03874868
    0.01990224
    0.07515364
    0.00578077
    0.04564893
    0.01340710
    0.01481378
    0.05528300
    0.00585996
    0.00971168
    0.00834875
    0.00864005
    0.01470239
    0.02144280
    0.03755736
    0.00963313
    0.00498246
    0.00627729
    0.00609547
    0.08278395
    0.00046250
    0.00145073
    0.00058744
    0.00200817
    0.01189236
    0.01214127
    0.01374489
    0.01397945
    0.00527422
    0.00329594
    0.00900637
    0.00725424
    0.04795295
    0.05142249
    0.01501459
    0.01348735
    0.01546344
    0.01597599
    0.00525488
    0.00152532
    0.06371470
    0.00904766
    0.00626415
    0.00262133
    0.00080961
    0.03222495
    0.04252559
    0.13971664
    0.12194299
    0.12167177
    0.00298279
    0.00238456
    0.00350094
    0.00701297
    0.01080635
    0.00105787
    0.04246779
    0.01733808
    0.00698553
    0.02117247
    0.00625016
    0.02680296
    0.04381691
    0.05357188
    0.05949707
    0.05338602
    0.01459127
    0.00078611
    0.01865859
    0.01133193
    0.02503503
    0.01270500
    0.04493393
    0.00141904
    0.00145186
    0.00165481
    0.00161449
    0.00305243
    0.05433163
    0.01543869
    0.04015983
    0.02821206
    0.01386524
    0.10413564
    0.04402706
    0.00391906
    0.00781197
    0.11344794
    0.08624143
    0.09020710
    0.00915111
    0.09358392
    0.01240647
    0.05059328
    0.03124862
    0.00789753
    0.01163452
    0.00722351
    0.00786937
    0.00823771
    0.01974799
    0.06561213
    0.05474801
    0.04800904
    0.02911361
    0.02998528
    0.02985288
    0.00472416
    0.00386545
    0.00903233
    0.01005404
    0.04934367
    0.00615096
    0.03345268
    0.00591490
    0.00224202
    0.00858240
    0.00620168
    0.02843179
    0.03796677
    0.03286723
    0.02828560
    0.02357787
    0.03180813
    0.00303180
    0.00934035
    0.00880824
    0.11541913
    0.03957343
    0.04433870
    0.00051314
    0.00465566
    0.02843123
    0.01091684
    0.05624485
    0.01189627
    0.02082873
    0.02361311
    0.04040767
    0.00218328
    0.01091394
    0.00212031
    0.01233636
    0.01470652
    0.00679521
    0.03006972
    0.01976641
    0.00738467
    0.00117248
    0.02039528
    0.00262208
    0.00943841
    0.00804556
    0.00905707
    0.00944056
    0.01425483
    0.01181610
    0.01331487
    0.00745402
    0.02228312
    0.01559754
    0.08204776
    0.09184800
    0.02326817
    0.01992973
    0.00501351
    0.00041180
    0.00578050
    0.02665046
    0.03451111
    0.00040689
    0.10287493
    0.00506741
    0.10823052
    0.06352369
    0.00688023
    0.00419907
    0.00618501
    0.00098891
    0.10016059
    0.09270928
    0.08276122
    0.00265219
    0.00535356
    0.10430651
    0.10620638
    0.03738208
    0.00385956
    0.06034855
    0.05558142
    0.03650511
    0.00767431
    0.00108341
    0.00883871
    0.01590114
    0.04727013
    0.04514919
    0.00422235
    0.00128291
    0.00132312
    0.02024715
    0.00060220
    0.13047155
    0.00966132
    0.00937793
    0.00849666
    0.00847931
    0.00832074
    0.00129249
    0.03556603
    0.01738955
    0.00402090
    0.00320280
    0.00312131
    0.00797291
    0.04827305
    0.06071212
    0.05815114
    0.05346438
    0.07092924
    0.05672506
    0.02107606
    0.03843490
    0.01412583
    0.14752703
    0.05977985
    0.00331206
    0.00628119
    0.00687871
    0.01007790
    0.00666497
    0.02417642
    0.01396051
    0.00356676
    0.00312496
    0.00297794
    0.03629647
    0.03350661
    0.02385375
    0.00229007
    0.00282852
    0.00332012
    0.00315781
    0.00434959
    0.00479464
    0.05273106
    0.11328414
    0.09852209
    0.06348921
    0.00616644
    0.00424704
    0.01342933
    0.01500837
    0.00184296
    0.06829900
    0.04034523
    0.00050733
    0.00388473
    0.01499754
    0.01799877
    0.01006880
    0.01216309
    0.00043761
    0.00521325
    0.03739600
    0.03437983
    0.00435650
    0.01918903
    0.00683513
    0.02307219
    0.00035891
    0.02513318
    0.04107211
    0.00192245
    0.02753506
    0.02637285
    0.06915906
    0.13112838
    0.12239040
    0.01816652
    0.01461681
    0.00044767
    0.02581775
    0.00052268
    0.02493697
    0.00345824
    0.00593840
    0.02235878
    0.07833951
    0.01619228
    0.00239603
    0.00156789
    0.01641675
    0.03875357
    0.00788166
    0.01470557
    0.02584498
    0.03946195
    0.01985770
    0.04285490
    0.00063895
    0.01513858
    0.00958239
    0.03277345
    0.04422796
    0.10443347
    0.00485060
    0.00629642
    0.00512537
    0.00377607
    0.00543057
    0.02577898
    0.12152085
    0.12331843
    0.13545049
    0.00111731
    0.00359183
    0.00652177
    0.03349633
    0.01473191
    0.00371495
    0.00870566
    0.01672615
    0.00175294
    0.00181145
    0.00130885
    0.00217612
    0.01070513
    0.00997232
    0.00920730
    0.01873697
    0.01785508
    0.02412734
    0.01637977
    0.05293011
    0.00789202
    0.00927098
    0.00884715
    0.03282214
    0.03115527
    0.03369046
    0.05289044
    0.02313932
    0.01244644
    0.00254008
    0.00688889
    0.11766548
    0.00895453
    0.00988250
    0.05590939
    0.00044544
    0.02020152
    0.03067820
    0.01810744
    0.14121399
    0.00132970
    0.01166365
    0.02728836
    0.02065895
    0.00350284
    0.00373965
    0.00045532
    0.00183272
    0.00970310
    0.00681107
    0.04981102
    0.06155186
    0.05615650
    0.05092172
    0.05604489
    0.00173253
    0.00168207
    0.03053488
    0.03046456
    0.02672065
    0.04393257
    0.01048342
    0.00181535
    0.05175278
    0.04774249
    0.01647997
    0.00541184
    0.00533211
    0.00183441
    0.00255231
    0.02224870
    0.03404814
    0.03444745
    0.01070976
    0.00195759
    0.00672277
    0.03730665
    0.01508103
    0.00074346
    0.00342749
    0.02649669
    0.00288091
    0.00279019
    0.00219626
    0.02864188
    0.00326098
    0.04255616
    0.03993082
    0.04145259
    0.03114672
    0.00737358
    0.00055776
    0.00171871
    0.00592291
    0.00109466
    0.00486136
    0.01814591
    0.01224352
    0.00974607
    0.05304698
    0.00068635
    0.00634910
    0.00569351
    0.00330171
    0.08446904
    0.07259959
    0.02248053
    0.02165006
    0.04092923
    0.00054120
    0.00537778
    0.00611740
    0.08304614
    0.01332192
    0.00804252
    0.00062351
    0.01089884
    0.14553606
    0.12579092
    0.13761912
    0.00534437
    0.00553668
    0.00595052
    0.00800140
    0.02889034
    0.01580572
    0.01641412
    0.02150582
    0.00314979
    0.00234882
    0.00099387
    0.00052504
    0.00131500
    0.00611808
    0.00749399
    0.01172966
    0.02885220
    0.00215735
    0.04207640
    0.03929491
    0.00091530
    0.00141747
    0.00109833
    0.03715808
    0.03981956
    0.04608227
    0.00335589
    0.00873755
    0.03676474
    0.01300634
    0.01326513
    0.01381365
    0.00845038
    0.00847098
    0.01774864
    0.00299961
    0.01574831
    0.01807717
    0.01564264
    0.02219142
    0.00695259
    0.00380959
    0.01161668
    0.01525535
    0.00168141
    0.01043001
    0.12860712
    0.00292871
    0.01623632
    0.01502483
    0.00060404
    0.11529259
    0.02901278
    0.00925116
    0.01035448
    0.00929244
    0.00798904
    0.00241220
    0.01177572
    0.02829375
    0.03448842
    0.00512576
    0.00585037
    0.00318473
    0.14758420
    0.01003894
    0.01156383
    0.01464208
    0.01433063
    0.00414662
    0.12254572
    0.13319813
    0.13831606
    0.00317590
    0.00149872
    0.10126945
    0.08673852
    0.09128722
    0.12161072
    0.00283254
    0.00750766
    0.00139411
    0.01334932
    0.01403508
    0.00302361
    0.00218058
    0.03236057
    0.00936764
    0.00132659
    0.00116758
    0.00047015
    0.00556487
    0.02994817
    0.00281622
    0.07090981
    0.02354733
    0.00273438
    0.00734794
    0.00536059
    0.00636068
    0.01790953
    0.01403414
    0.01243988
    0.01183069
    0.00463484
    0.01154753
    0.01240076
    0.13663942
    0.12297968
    0.00226338
    0.02444920
    0.00787409
    0.01677590
    0.00721743
    0.08019275
    0.01453431
    0.00582413
    0.02633527
    0.00046394
    0.00514458
    0.03628976
    0.00101947
    0.03556569
    0.03807388
    0.01278788
    0.00699427
    0.02476228
    0.01900105
    0.00346679
    0.05149406
    0.04790061
    0.01670817
    0.00465958
    0.01762544
    0.01245761
    0.01300583
    0.02989009
    0.00101606
    0.01997306
    0.01584361
    0.03720007
    0.00851167
    0.01776604
    0.01637050
    0.03220650
    0.02720594
    0.02613399
    0.05935855
    0.01471732
    0.02169824
    0.01219404
    0.01104662
    0.01523399
    0.00044442
    0.01408823
    0.02044096
    0.01813814
    0.00146331
    0.04072136
    0.01496553
    0.00262815
    0.04033446
    0.01180344
    0.05427773
    0.02157523
    0.02801885
    0.03995740
    0.01014294
    0.08947902
    0.01346571
    0.04207152
    0.01210507
    0.01722557
    0.01631481
    0.01796867
    0.04295707
    0.04679489
    0.00533025
    0.00733469
    0.00825493
    0.02337482
    0.00550557
    0.00157767
    0.00496080
    0.00367134
    0.02755441
    0.01142893
    0.00048623
    0.01735167
    0.02037829
    0.02736305
    0.00705803
    0.04636994
    0.02922689
    0.01400051
    0.00988735
    0.01072802
    0.00904352
    0.00038126
    0.00439155
    0.04473803
    0.01762507
    0.00211825
    0.00293345
    0.00898191
    0.03370851
    0.01025816
    0.01248057
    0.04093857
    0.00423372
    0.01388548
    0.01285129
    0.01307016
    0.01774355
    0.00286231
    0.00419112
    0.00393648
    0.02767876
    0.06622620
    0.02812491
    0.00235431
    0.03447354
    0.03866968
    0.00951609
    0.03509482
    0.02700850
    0.03176664
    0.03790984
    0.04277209
    0.03581436
    0.01979725
    0.01504988
    0.02778090
    0.03282942
    0.03003496
    0.01472025
    0.00455122
    0.03138794
    0.00746302
    0.00128298
    0.06466483
    0.02844297
    0.01797327
    0.01972414
    0.00840901
    0.00257406
    0.00212530
    0.01979121
    0.01729677
    0.01532211
    0.01279682
    0.02175682
    0.06275475
    0.03227845
    0.12394627
    0.10932504
    0.02063553
    0.10766570
    0.09723331
    0.01375237
    0.01533936
    0.01760275
    0.01614375
    0.00179017
    0.00527090
    0.02030414
    0.06159382
    0.06683378
    0.00986060
    0.00159386
    0.01053896
    0.06792278
    0.01164328
    0.05556594
    0.00585504
    0.06407598
    0.00939040
    0.03361566
    0.00123116
    0.11037859
    0.09886512
    0.09638633
    0.00259236
    0.00285289
    0.03418981
    0.01822919
    0.04213619
    0.00531830
    0.03177882
    0.03441997
    0.03376731
    0.14903474
    0.00695796
    0.06001918
    0.04408275
    0.00993859
    0.00717364
    0.05460510
    0.09886411
    0.02236414
    0.02604077
    0.00801791
    0.03545246
    0.03806723
    0.00390123
    0.01515777
    0.00167607
    0.00154502
    0.00243681
