    1.00000000    0.00000000
    0.99935552    0.03589620
    0.99742293    0.07174614
    0.99420470    0.10750359
    0.98970498    0.14312248
    0.98392959    0.17855689
    0.97688595    0.21376115
    0.96858316    0.24868989
    0.95903191    0.28329807
    0.94824451    0.31754109
    0.93623487    0.35137482
    0.92301847    0.38475565
    0.90861234    0.41764054
    0.89303505    0.44998711
    0.87630668    0.48175367
    0.85844879    0.51289928
    0.83948441    0.54338378
    0.81943797    0.57316788
    0.79833531    0.60221320
    0.77620363    0.63048229
    0.75307147    0.65793873
    0.72896863    0.68454711
    0.70392618    0.71027314
    0.67797641    0.73508366
    0.65115276    0.75894669
    0.62348980    0.78183148
    0.59502320    0.80370853
    0.56578963    0.82454963
    0.53582679    0.84432793
    0.50517330    0.86301792
    0.47386866    0.88059553
    0.44195323    0.89703809
    0.40946814    0.91232442
    0.37645527    0.92643480
    0.34295716    0.93935105
    0.30901699    0.95105652
    0.27467852    0.96153612
    0.23998600    0.97077635
    0.20498415    0.97876529
    0.16971809    0.98549265
    0.13423327    0.99094976
    0.09857542    0.99512958
    0.06279052    0.99802673
    0.02692468    0.99963747
   -0.00897586    0.99995972
   -0.04486483    0.99899307
   -0.08069597    0.99673876
   -0.11642310    0.99319971
   -0.15200017    0.98838047
   -0.18738131    0.98228725
   -0.22252093    0.97492791
   -0.25737373    0.96631194
   -0.29189479    0.95645043
   -0.32603961    0.94535611
   -0.35976418    0.93304326
   -0.39302503    0.91952777
   -0.42577929    0.90482705
   -0.45798474    0.88896005
   -0.48959987    0.87194723
   -0.52058393    0.85381050
   -0.55089698    0.83457325
   -0.58049995    0.81426028
   -0.60935469    0.79289777
   -0.63742399    0.77051324
   -0.66467168    0.74713556
   -0.69106265    0.72279486
   -0.71656287    0.69752251
   -0.74113947    0.67135109
   -0.76476078    0.64431433
   -0.78739634    0.61644708
   -0.80901699    0.58778525
   -0.82959486    0.55836580
   -0.84910342    0.52822664
   -0.86751752    0.49740662
   -0.88481344    0.46594547
   -0.90096887    0.43388374
   -0.91596299    0.40126275
   -0.92977649    0.36812455
   -0.94239154    0.33451186
   -0.95379190    0.30046800
   -0.96396286    0.26603685
   -0.97289132    0.23126278
   -0.98056577    0.19619064
   -0.98697632    0.16086561
   -0.99211470    0.12533323
   -0.99597429    0.08963931
   -0.99855012    0.05382984
   -0.99983887    0.01795099
   -0.99983887   -0.01795099
   -0.99855012   -0.05382984
   -0.99597429   -0.08963931
   -0.99211470   -0.12533323
   -0.98697632   -0.16086561
   -0.98056577   -0.19619064
   -0.97289132   -0.23126278
   -0.96396286   -0.26603685
   -0.95379190   -0.30046800
   -0.94239154   -0.33451186
   -0.92977649   -0.36812455
   -0.91596299   -0.40126275
   -0.90096887   -0.43388374
   -0.88481344   -0.46594547
   -0.86751752   -0.49740662
   -0.84910342   -0.52822664
   -0.82959486   -0.55836580
   -0.80901699   -0.58778525
   -0.78739634   -0.61644708
   -0.76476078   -0.64431433
   -0.74113947   -0.67135109
   -0.71656287   -0.69752251
   -0.69106265   -0.72279486
   -0.66467168   -0.74713556
   -0.63742399   -0.77051324
   -0.60935469   -0.79289777
   -0.58049995   -0.81426028
   -0.55089698   -0.83457325
   -0.52058393   -0.85381050
   -0.48959987   -0.87194723
   -0.45798474   -0.88896005
   -0.42577929   -0.90482705
   -0.39302503   -0.91952777
   -0.35976418   -0.93304326
   -0.32603961   -0.94535611
   -0.29189479   -0.95645043
   -0.25737373   -0.96631194
   -0.22252093   -0.97492791
   -0.18738131   -0.98228725
   -0.15200017   -0.98838047
   -0.11642310   -0.99319971
   -0.08069597   -0.99673876
   -0.04486483   -0.99899307
   -0.00897586   -0.99995972
    0.02692468   -0.99963747
    0.06279052   -0.99802673
    0.09857542   -0.99512958
    0.13423327   -0.99094976
    0.16971809   -0.98549265
    0.20498415   -0.97876529
    0.23998600   -0.97077635
    0.27467852   -0.96153612
    0.30901699   -0.95105652
    0.34295716   -0.93935105
    0.37645527   -0.92643480
    0.40946814   -0.91232442
    0.44195323   -0.89703809
    0.47386866   -0.88059553
    0.50517330   -0.86301792
    0.53582679   -0.84432793
    0.56578963   -0.82454963
    0.59502320   -0.80370853
    0.62348980   -0.78183148
    0.65115276   -0.75894669
    0.67797641   -0.73508366
    0.70392618   -0.71027314
    0.72896863   -0.68454711
    0.75307147   -0.65793873
    0.77620363   -0.63048229
    0.79833531   -0.60221320
    0.81943797   -0.57316788
    0.83948441   -0.54338378
    0.85844879   -0.51289928
    0.87630668   -0.48175367
    0.89303505   -0.44998711
    0.90861234   -0.41764054
    0.92301847   -0.38475565
    0.93623487   -0.35137482
    0.94824451   -0.31754109
    0.95903191   -0.28329807
    0.96858316   -0.24868989
    0.97688595   -0.21376115
    0.98392959   -0.17855689
    0.98970498   -0.14312248
    0.99420470   -0.10750359
    0.99742293   -0.07174614
    0.99935552   -0.03589620
    0.00000000    0.00000000
    0.43382866    0.24874339
    0.37062945   -0.33572964
   -0.49975829   -0.01795099
   -0.25262736    0.43157850
   -0.20476706   -0.45623572
    0.14896873    0.55930439
    0.12908532   -0.61636098
    0.63045607   -0.07964512
   -0.54062483   -0.36387209
   -0.57590466    0.31660627
    0.06667885   -0.31838046
    0.30727566   -0.03322579
    0.13750577    0.26286667
    0.44956290    0.54342819
   -0.11504621    0.69420819
    0.70119962    0.18577462
   -0.24429549   -0.16442514
    0.40166396   -0.60670779
    0.63616896   -0.36475881
   -0.12446009   -0.71689468
   -0.72134035   -0.15784294
   -0.41778356   -0.60885400
   -0.34956853    0.19217692
   -0.73089229    0.10538634
   -0.48061230    0.56064395
   -0.10529971    0.22248039
    0.30789019    0.71465704
    0.60754429    0.38723057
    0.09190750    0.77343064
   -0.03134625    0.43103855
    0.29273234    0.40403946
   -0.20673798    0.04050221
   -0.29565288    0.62146931
    0.06491414   -0.80180507
    0.26227556   -0.76047140
    0.80287515    0.01653690
    0.77121170   -0.21943885
    0.53693541    0.08741904
    0.22543532   -0.20825179
   -0.04414931   -0.54945111
    0.21200937   -0.44346889
   -0.72711084   -0.36638036
   -0.61315222   -0.53569496
    0.51714250   -0.22452969
   -0.75675887    0.31545116
   -0.65202636    0.48695425
   -0.34994307   -0.32731861
   -0.54755367   -0.18767903
   -0.05752857   -0.17822084
   -0.56189213    0.14385135
   -0.40745654    0.35494563
    0.28053664    0.14815944
    0.49149307   -0.45915364
    0.56922838   -0.60759840
   -0.30543550   -0.75603376
   -0.25653783    0.78954224
    0.46824765   -0.06073960
    0.61818259    0.55598194
   -0.42952306    0.71691791
    0.12571478    0.10163652
   -0.24219669   -0.61046795
   -0.16053965   -0.30166218
   -0.05230503    0.84023368
   -0.83161816   -0.02987119
    0.76461178    0.33775225
    0.14834533   -0.06555847
    0.49219141    0.69039096
   -0.39546158   -0.18209016
    0.29992478    0.56384297
   -0.35901643    0.04019153
    0.11792905    0.41206417
   -0.00467291    0.58441692
   -0.16263791    0.55178811
    0.44008356    0.39617187
    0.37294773   -0.18666399
   -0.35194736   -0.47577697
    0.68150173   -0.50790127
    0.40713435   -0.75172713
   -0.07127990   -0.85192208
    0.84187438    0.15512851
    0.77818869   -0.36132856
    0.06963649   -0.46191254
   -0.05300956   -0.39264328
    0.66970182    0.05203220
    0.56843321    0.22116146
   -0.84344589    0.18456194
    0.00627333   -0.67661673
    0.34960059   -0.47540426
    0.26580222   -0.62360799
   -0.53835520   -0.67507606
   -0.82808060   -0.24461505
   -0.48664693   -0.48787501
    0.07865839   -0.18264915
   -0.58858116    0.63815847
   -0.14393832   -0.07691253
    0.40910046    0.11932760
   -0.65119906   -0.02350974
    0.72423477    0.46890067
    0.22123260    0.83061972
   -0.52999516    0.43930325
   -0.36047728    0.50696160
    0.02485454    0.19005879
   -0.66573360    0.22237429
   -0.47010617    0.24098638
   -0.28691890    0.30613618
    0.26640307    0.27706372
   -0.14217801    0.35294802
    0.64387472   -0.20689309
   -0.63502152   -0.27935149
   -0.19620336   -0.82313671
    0.02289424    0.31664501
   -0.42800189   -0.73312376
   -0.08890498    0.09408069
   -0.22263238    0.16862301
    0.85579736   -0.11067644
    0.48949396   -0.34022110
    0.24920805   -0.32760043
    0.41003919    0.77846190
   -0.28268986   -0.05148321
   -0.45760631   -0.28131558
   -0.46175620    0.08947342
    0.74491278   -0.08219091
    0.07164877    0.88498970
    0.21202720    0.02819021
    0.19624528   -0.85980673
   -0.39680875   -0.06774067
    0.18332148    0.68312493
    0.38583369    0.63492299
    0.53934214    0.47624113
    0.66347345    0.29073381
    0.00113534    0.70063080
   -0.72739139   -0.48957689
    0.51999670    0.32020888
    0.51870838   -0.71399490
   -0.76246467    0.43666582
   -0.82676764   -0.13719235
   -0.83462980    0.07750546
   -0.05453980   -0.28541669
    0.22668658    0.48707567
    0.05268261    0.49543397
   -0.42659907   -0.40052641
   -0.14962312    0.79555588
    0.37038502    0.47459185
    0.36041449    0.32378747
   -0.15220302   -0.55065004
   -0.36672079    0.80965855
    0.08753419    0.64302446
   -0.63304802   -0.42607829
    0.89885516   -0.01814910
    0.84963769   -0.28669889
    0.84933425    0.26594016
    0.15252849   -0.72829823
    0.04040387   -0.89966213
    0.32399245   -0.84026978
   -0.32891434    0.71642211
   -0.67011654    0.38027119
    0.19356811    0.34610592
   -0.19454737    0.26769930
   -0.13086334    0.45458492
    0.01309509   -0.10262236
    0.70550602   -0.29378611
   -0.85356075    0.28541166
    0.75450752    0.10263978
    0.58043607   -0.50715332
   -0.73267898   -0.26825202
    0.32456407    0.83686003
   -0.39765459    0.62001139
   -0.26510274    0.52857160
   -0.19947823    0.64326059
   -0.51107610   -0.58186913
   -0.28680045   -0.40241379
   -0.31256348   -0.23585525
   -0.57297548   -0.08892665
   -0.18545034    0.88549456
   -0.67856592    0.58700313
    0.14138396   -0.25657956
    0.28955130   -0.13158491
   -0.48016010   -0.11768155
   -0.82259332   -0.37810220
   -0.63373175   -0.63649866
    0.15599419   -0.36158024
    0.20143290   -0.54472854
   -0.03920657   -0.76130395
    0.00707147    0.09572979
    0.58613415    0.00525195
    0.61763195    0.13899437
   -0.37082029   -0.82621423
    0.59551066    0.66939393
    0.52770166    0.60042687
    0.33094212   -0.69376364
   -0.63520432    0.07546362
    0.39854617    0.01611308
    0.48808893    0.17130520
    0.31469608   -0.26030891
   -0.28299093    0.09608874
   -0.15325481   -0.20303959
   -0.57476670    0.54344904
   -0.09902114   -0.47389734
    0.03983196   -0.58973095
   -0.07770794   -0.63633689
   -0.21579106   -0.73256503
   -0.35402187   -0.67665192
    0.57139246   -0.15020504
    0.43020593   -0.26210532
    0.58992576   -0.28338065
    0.29879398    0.05818737
    0.34289651    0.22022379
    0.20904945    0.20554827
    0.66833466   -0.60613981
   -0.43465370    0.44661794
    0.90094486    0.07854569
   -0.75259998    0.19411652
   -0.06385870    0.51570115
   -0.74014437   -0.06254600
   -0.53195737    0.72379637
   -0.12193403    0.01035821
    0.29328736   -0.40565716
   -0.28058937   -0.86356527
    0.77134268   -0.46198880
   -0.82763473    0.37285652
   -0.63168779   -0.15668931
   -0.54561368   -0.27583551
    0.88435268   -0.19979469
   -0.90706127   -0.09808075
   -0.91183591    0.03275255
   -0.32962231   -0.56964551
    0.71191207    0.56201205
   -0.69410405   -0.57167083
   -0.57879145    0.22942636
   -0.54367085    0.05801731
   -0.49647075    0.35682196
   -0.38815284    0.27013274
   -0.32550321    0.38409199
    0.42768995   -0.40074302
    0.56960862   -0.42081136
    0.48571403   -0.55675592
   -0.33055619   -0.12414282
   -0.73326399    0.51894914
    0.60136465   -0.68804999
   -0.14784482   -0.89873478
   -0.50314647    0.64320782
    0.45893233   -0.15271355
   -0.29994715    0.86358703
    0.80441667    0.42179678
    0.32691810   -0.56037176
    0.62451907    0.47087147
   -0.01452677   -0.47023483
   -0.06643404    0.30391213
    0.12793658    0.01680819
   -0.25577263   -0.52551540
   -0.76509768    0.02572510
   -0.25593585   -0.31236793
    0.78121340    0.21486915
    0.02127611   -0.24597894
    0.37991155   -0.09291041
    0.26011732    0.64156283
   -0.16163030   -0.63407197
    0.70824376   -0.40713446
   -0.46401596    0.79270637
   -0.09055111    0.91412330
    0.11738958   -0.53219734
    0.84731898    0.34944557
   -0.00752994    0.91025287
   -0.89469410   -0.19008150
    0.68831340    0.36958750
   -0.90605450    0.12551489
   -0.14322305   -0.39023096
    0.27138201   -0.50003478
    0.54962780   -0.06782483
    0.48281637    0.02250768
    0.16047417    0.89641395
   -0.06052677   -0.05987018
    0.15969638   -0.15159664
    0.23209547   -0.07045482
    0.06953483   -0.04327371
    0.20750703    0.11031755
    0.10867007    0.18392924
   -0.08981035    0.59790028
    0.12514962   -0.90642154
    0.47852393   -0.64034585
    0.71283241   -0.15948164
   -0.19111078    0.72482932
    0.50770846    0.76914544
   -0.51124148   -0.75744980
   -0.06025790    0.75715930
    0.02542705    0.81897701
   -0.56552930   -0.47043733
    0.42477249   -0.50417534
    0.48064995   -0.78528435
    0.66749913    0.63064886
   -0.67840315    0.30103189
    0.51931602    0.39950866
    0.08599032   -0.68380992
    0.19527375   -0.66092254
    0.68891966   -0.02538273
   -0.16743401    0.11042449
    0.74881008   -0.54404237
    0.17323631    0.76433677
   -0.42606881    0.00308726
   -0.38484310    0.11808335
   -0.47080610   -0.20397529
   -0.21824309    0.34096581
   -0.60617138    0.42430335
   -0.38472492   -0.25973394
   -0.44593271   -0.80824529
   -0.27749862    0.22675675
   -0.48605217    0.16412102
    0.07360612    0.56840327
   -0.57577009   -0.01279119
    0.22441710    0.56256014
    0.37559119    0.55984657
    0.12766862    0.48690282
    0.11838828    0.33624131
    0.04319493    0.42079246
   -0.19982375    0.48583754
   -0.66574957    0.14574352
   -0.22286994   -0.24054027
    0.40163678   -0.82987151
   -0.03488790   -0.92129347
   -0.27646672   -0.68374338
   -0.67752270   -0.21812961
   -0.05070086    0.16420532
   -0.26000350    0.68725915
   -0.41521272   -0.52730201
   -0.28729540    0.02229368
    0.44401758    0.46985189
    0.36645099    0.40091183
    0.44572022    0.32208580
    0.89962952    0.20689734
   -0.65262120   -0.35296488
    0.85255072   -0.36100455
   -0.79961272   -0.45486590
    0.59363327    0.31471125
    0.45639116    0.61612647
   -0.03239893    0.23767712
    0.38221015    0.70934443
   -0.88095469   -0.29500758
   -0.60494531   -0.70508992
    0.40208586   -0.67930472
    0.33536359   -0.76701026
   -0.00395474   -0.82476604
   -0.10738788   -0.78815697
    0.22028935    0.41420340
    0.27606899    0.78123788
    0.06843385    0.05769297
    0.29941949    0.49100572
   -0.21672594   -0.37612032
    0.82885088    0.08401035
   -0.67298490   -0.09472046
    0.14206658   -0.80479658
    0.14227800   -0.46392291
    0.08726272   -0.38975282
    0.77647303   -0.29029653
   -0.78123726   -0.32022953
    0.63134343   -0.45691956
    0.23105210    0.90063879
    0.79124995    0.49118010
   -0.65815077    0.65581336
   -0.60183144    0.70845834
   -0.20809594   -0.03572577
   -0.00383405   -0.33831727
    0.12300725    0.83669723
    0.73411391    0.27106896
   -0.35675952   -0.40589674
    0.78750643   -0.14517289
    0.09273049   -0.11174165
   -0.41805486    0.17933842
   -0.69385935    0.03416355
    0.56703857   -0.35021426
    0.92447987   -0.08635581
    0.04103837   -0.73666053
    0.73434324    0.02698625
    0.83499709   -0.04471480
   -0.79255209    0.13732184
   -0.91168176    0.19419759
   -0.47796490   -0.64215525
   -0.76857279   -0.20877909
    0.68349866    0.11936314
    0.60383511    0.07166343
    0.63533291    0.20540585
    0.50190140    0.23871243
   -0.21637859   -0.88930841
   -0.09673132   -0.33964303
   -0.03881361    0.64437532
    0.25677313   -0.69185247
    0.01062248   -0.17866428
   -0.79061228    0.25355220
   -0.18534397    0.40920170
   -0.09152826    0.39875772
   -0.51438122   -0.42619799
    0.23162651    0.73035574
    0.06289025    0.13404748
    0.36069486   -0.40883987
   -0.57861019   -0.59524943
    0.07082088    0.24249102
    0.39303220    0.84532183
   -0.23392293   -0.09790201
    0.55219132    0.15246708
    0.33254223   -0.62695874
   -0.09171389   -0.11987355
   -0.13091920    0.28732166
    0.56998661    0.73544534
   -0.18036347   -0.14032345
   -0.11728392    0.85344300
    0.63064654   -0.55108674
    0.01676020   -0.40637870
   -0.22303305    0.58061903
   -0.02914597    0.36202581
    0.46936505    0.08873877
    0.42335347    0.18367457
    0.34026556    0.11344132
   -0.31821975    0.45257757
   -0.41214101    0.55260950
   -0.34599086    0.57436349
    0.22477228   -0.14255397
    0.01800671   -0.52754731
    0.29117452   -0.19808571
   -0.48609888    0.49215767
   -0.93226963   -0.03349693
    0.27148625   -0.88957784
   -0.29069227    0.16186188
   -0.05560505   -0.69794167
    0.06906621    0.70892023
   -0.72460674    0.25389299
   -0.45301950    0.30579349
   -0.52829761    0.27139210
   -0.35007856    0.32340182
    0.20076551    0.28075956
    0.27350160    0.21261506
    0.26107823    0.34438550
    0.81560181   -0.41443598
   -0.05854198    0.03372597
    0.26068548   -0.82546661
    0.18767862   -0.30365473
   -0.15547162    0.17704591
   -0.55797428    0.37974690
   -0.09443522   -0.23288944
    0.18430906    0.61617525
    0.92196383    0.14294366
   -0.24937367   -0.78723179
    0.20547674   -0.79159890
    0.64997898   -0.14191788
    0.58108842   -0.21987772
    0.70607382   -0.22808001
   -0.75588020   -0.54892412
    0.74513633    0.39842454
   -0.42713317   -0.46447351
    0.46279420    0.81490294
   -0.28692844   -0.46790714
   -0.58855445   -0.32242852
   -0.60677004   -0.21874292
   -0.02077412   -0.60840321
    0.02434040    0.64183979
    0.66775684    0.51688163
   -0.79355170    0.49402100
    0.32371047    0.65215844
   -0.30300945   -0.62667811
   -0.82697474    0.43736703
   -0.38174602    0.41244393
   -0.21523232   -0.66773041
    0.57356126   -0.74411008
    0.51444183    0.53654554
   -0.36553760   -0.73826001
   -0.42269667   -0.67100500
    0.50487830   -0.11090835
   -0.53625618   -0.52515316
    0.26497607   -0.56165811
    0.34300871    0.77210434
    0.16664151    0.15860729
   -0.57767282    0.48050334
   -0.67103247   -0.51452018
   -0.74222173   -0.42794454
   -0.47291945   -0.34893656
   -0.41109864   -0.34001972
    0.11056098    0.93346906
   -0.53466606    0.59024812
   -0.62193812    0.27449283
   -0.16613804   -0.76923063
    0.23517357   -0.38700017
    0.31057830   -0.32181369
    0.23698114   -0.26799394
    0.45584770   -0.71194421
   -0.70810508    0.46369773
   -0.76662319    0.37572845
   -0.41623625    0.84484001
    0.00118459    0.76228685
    0.08627729   -0.85915397
   -0.61886788    0.18404914
    0.08202859   -0.24336440
    0.44163194    0.72558040
    0.90613202   -0.14368217
   -0.48183729   -0.70348705
    0.65716738    0.42070260
   -0.23802988    0.85013959
   -0.34461854   -0.02543244
    0.21774355   -0.91543821
    0.52614345   -0.28783029
    0.51060642   -0.39934930
    0.42993903   -0.34122215
   -0.32789442    0.26102476
   -0.14880841    0.61051282
   -0.37940085    0.67970763
   -0.00259466    0.52278026
    0.13112754    0.71787543
    0.53576474   -0.65690134
   -0.23979640    0.90954209
   -0.12947050   -0.84276750
    0.16847375    0.44353932
    0.61274269    0.25939460
   -0.68747806   -0.30572063
   -0.22606089    0.11009554
    0.18670849   -0.60220828
   -0.36055806   -0.61880633
    0.64955381   -0.26816841
    0.86122409    0.03281065
    0.61196194    0.61371052
   -0.26716823    0.37423062
    0.37268261   -0.24631469
    0.78231120    0.15531580
    0.79186324    0.27163078
    0.30789559    0.89274728
   -0.09615663   -0.93400016
    0.83113400   -0.22892158
   -0.05732229    0.69928681
    0.76140391   -0.02549418
    0.68764619   -0.08263689
    0.10513899   -0.76078180
    0.21161803   -0.73000345
   -0.45112532   -0.04872180
   -0.38826945   -0.12482275
   -0.76819070   -0.11758378
    0.51425827   -0.16736845
    0.93808143    0.02937314
   -0.51614128    0.10871250
   -0.41319914    0.05896848
   -0.48928577    0.03877824
   -0.67987037   -0.45834662
   -0.63130825    0.33615980
   -0.11862962   -0.59668772
    0.35725350    0.05750031
   -0.53458638    0.19369982
    0.05234233    0.94034234
    0.69287134   -0.35079852
    0.26717723    0.00915378
    0.19261057   -0.02712375
    0.17073652    0.06710569
   -0.30268450   -0.17695892
    0.07559447    0.37389495
    0.42924486   -0.20338527
   -0.35980417    0.86939790
   -0.68951972   -0.64750211
    0.38557210   -0.54921075
   -0.60119903   -0.37837533
   -0.73438979    0.59651842
   -0.63516516    0.54497142
   -0.88559136    0.33236799
   -0.52250057    0.78242071
    0.53008525   -0.01240514
    0.57959116    0.43644656
    0.57041515    0.52436449
   -0.90495566    0.25403596
    0.90349004   -0.25782513
   -0.41018976    0.77146035
   -0.31011818    0.80787726
    0.07973706   -0.94115176
    0.14090669   -0.67367768
    0.88994322    0.30869722
    0.68081952    0.23770895
   -0.68257425   -0.40016029
   -0.62040391   -0.48039726
    0.83536912   -0.17347747
    0.80104902   -0.09012059
    0.84420605    0.21062847
    0.36698803   -0.03459720
    0.72671622   -0.59860469
    0.43259839    0.66864022
   -0.31310061   -0.81444107
   -0.31405035   -0.51635289
   -0.47011256   -0.54234395
    0.55366795    0.27530791
    0.55989960    0.35877612
    0.65955118   -0.66729094
   -0.13606631    0.06430981
    0.64027248    0.34335858
   -0.47991865    0.41160316
    0.37082002    0.16155883
    0.70955459    0.31955694
    0.18629321   -0.10431985
   -0.43200217    0.50144139
    0.61912604   -0.63027808
   -0.79425076   -0.06963916
   -0.66289495    0.43392194
   -0.71532667    0.41004699
   -0.71091147    0.34448446
   -0.14707836    0.92989970
    0.76801801    0.54500693
    0.89049385   -0.32230712
   -0.09838601   -0.53113861
   -0.20972360   -0.56171751
   -0.15623473   -0.49105528
    0.40173877   -0.45176834
   -0.44453426    0.65828800
   -0.48216367    0.69915902
   -0.84654493   -0.42709422
   -0.87425128   -0.35234176
    0.40074945    0.35942888
   -0.81982575   -0.19099657
   -0.85077695   -0.08450729
   -0.84631641    0.13043431
   -0.82029702    0.02417690
   -0.78086548    0.08439299
   -0.33895678   -0.87690320
   -0.56906585   -0.75090628
    0.63333711   -0.02412300
   -0.10855473   -0.28691666
   -0.03456633   -0.23122021
   -0.72468612   -0.01051355
   -0.11608181    0.75042704
   -0.09379922    0.80228814
   -0.20231460    0.77893285
    0.52152804   -0.50990424
    0.54019054   -0.56128427
    0.48382890    0.35955124
    0.82374254   -0.47230746
    0.26571381    0.86007974
   -0.39955449   -0.78035265
    0.16897033   -0.20730292
   -0.44349531   -0.15736103
   -0.61920404    0.02209876
   -0.12104597    0.13647984
   -0.03674082   -0.12685329
    0.26516801    0.44989921
    0.17713449    0.51168422
    0.13283738   -0.31128557
    0.33979775    0.60046492
    0.01099556    0.46280906
    0.08488199    0.45341736
   -0.88131683   -0.24169241
    0.53918883    0.65695131
    0.61943027    0.71659440
    0.02276241    0.37203598
   -0.20579198   -0.50889683
   -0.10847463    0.54681140
    0.07634905    0.29862873
    0.26058571    0.09727250
    0.32531950    0.27646041
    0.37956043    0.26254846
    0.31488758    0.35405799
    0.33117268    0.43974050
    0.40959735    0.50944320
    0.04945618   -0.64337190
    0.41589353   -0.05434732
    0.43233174   -0.10575364
    0.71944444    0.61557362
    0.85586389    0.40340803
    0.68451712   -0.45476963
   -0.33028867    0.12388812
   -0.60387313    0.58756575
   -0.46328688    0.60972964
   -0.77890832    0.54481883
   -0.18792714    0.83240267
   -0.61415623    0.12638939
    0.13053285    0.61017662
    0.13422297    0.66595274
    0.40485711    0.43580623
   -0.57507547    0.75339706
    0.41996352    0.06606991
    0.78891979   -0.51093623
   -0.49975043   -0.24871183
   -0.77776876   -0.50190538
    0.26106216    0.52588554
    0.33811542    0.00891423
   -0.73886771   -0.59798116
   -0.13010593   -0.15581678
    0.04691725   -0.14178330
    0.01714143   -0.04995935
    0.01823238    0.26106721
    0.81521325   -0.32525837
    0.13611401   -0.41100632
   -0.17428236   -0.70050304
   -0.51518424   -0.31827078
    0.49340893    0.44724956
    0.13789433   -0.85632256
   -0.22380517    0.22247421
   -0.27869390    0.73909270
   -0.62935807   -0.58488902
   -0.58262577   -0.64733762
   -0.82845104   -0.29716155
    0.15524297    0.21153190
    0.34328304    0.51903318
   -0.54775630    0.67270384
   -0.43109467   -0.23699424
   -0.52359468    0.52962445
   -0.65314789   -0.68498343
   -0.07966768    0.44888560
   -0.15103379    0.50178640
    0.90018126    0.25831061
    0.65721530   -0.41144425
    0.94699370   -0.03898069
   -0.26641720   -0.21331891
   -0.34688795    0.63712703
   -0.54008773   -0.04960046
   -0.57890884   -0.14310243
   -0.62420356   -0.07070649
   -0.52707228   -0.13995651
    0.44736435   -0.01418647
    0.93363457   -0.18680069
    0.18843462   -0.49218870
   -0.88263386   -0.01253039
   -0.36425981   -0.52526196
   -0.13978870   -0.44192593
   -0.93223092   -0.14829577
    0.52686426   -0.76415260
   -0.94044964    0.08109724
   -0.68541963    0.53650312
   -0.00684276   -0.87706068
   -0.80563970    0.30197784
   -0.85750095    0.23408437
    0.69196697   -0.55930561
    0.54905388   -0.46723884
    0.04388574   -0.36360840
   -0.26307369   -0.91282777
    0.07760847    0.00730367
    0.76416806   -0.41093792
    0.73167066   -0.49521513
    0.01322020   -0.94689342
    0.32299400   -0.89181650
    0.57403236    0.58042390
    0.22141611    0.77996801
    0.17409453    0.39303870
   -0.30770060    0.67055111
   -0.35994991    0.75812079
    0.47320902    0.27999360
    0.43462599   -0.56648225
    0.33159318   -0.36765529
    0.40831329   -0.15037291
    0.50947073   -0.60090359
   -0.68506517    0.08397537
   -0.27843534   -0.12503168
    0.37256381   -0.87385496
    0.54542471    0.03668936
   -0.15167127    0.24164039
   -0.23769949    0.29420819
   -0.17509097    0.31445692
    0.32808591   -0.16391453
    0.28348956   -0.07971605
   -0.43354113    0.13131092
   -0.09267980   -0.42383376
   -0.78244805   -0.02110906
   -0.32838515   -0.07347667
   -0.27033395   -0.26381246
   -0.31646998   -0.28762862
   -0.08998953    0.64931360
    0.06843647   -0.51409253
   -0.71704826    0.15579372
    0.47403806   -0.29039477
    0.15900069    0.30764491
   -0.38802690   -0.56897553
    0.73861962   -0.33103072
    0.18489286   -0.40191503
    0.07549994    0.82077315
   -0.56634144   -0.41781082
    0.70267048   -0.64223561
    0.01984132   -0.78137690
   -0.14621932   -0.25313962
   -0.19969248   -0.18589514
   -0.34796044   -0.19964125
    0.77397264    0.05693765
    0.71136602    0.07857379
    0.72664016    0.14342914
    0.88046448   -0.06397518
   -0.41682991   -0.85256605
   -0.24901223    0.63874980
   -0.15235414    0.66060056
    0.14843914   -0.57077702
    0.64452643    0.67421545
    0.41952033    0.58291979
    0.17294406    0.84697827
    0.33603963   -0.11530419
   -0.78358406   -0.26936636
   -0.58597110    0.08492765
   -0.25195664   -0.01253249
   -0.24966025   -0.43523317
   -0.32352048   -0.36919542
   -0.07716311    0.35181594
   -0.72030748   -0.10731940
    0.09381132    0.52312506
   -0.31617298    0.53269715
   -0.27253015    0.57760122
   -0.24942869    0.48128877
   -0.15728403   -0.02713813
   -0.10791536   -0.04057757
    0.94991319    0.08549373
   -0.20819951    0.53401895
    0.62965340   -0.31463333
    0.35445843    0.87620541
   -0.19557351   -0.93383104
   -0.43694169   -0.09528594
   -0.69344203   -0.04810827
   -0.52456860   -0.62851564
   -0.46447240   -0.59550875
    0.51018365    0.12800623
   -0.00526907    0.85948138
    0.47821354    0.50427173
    0.47332010   -0.50417156
    0.26380524   -0.44854522
   -0.38647790    0.46316054
   -0.49768158   -0.80739771
   -0.19684796    0.93316984
    0.67420681    0.46749901
    0.48510763    0.57675943
    0.87776629    0.12174018
   -0.69983270    0.63074630
    0.07882111   -0.56124769
    0.03787858   -0.85057362
   -0.28227763   -0.58227870
   -0.04747965    0.94566907
    0.19005003   -0.25502152
   -0.77294612   -0.38776669
   -0.01313020   -0.72075211
   -0.08149226   -0.73844456
   -0.06163077   -0.80435221
   -0.20614334   -0.32567775
    0.01572515    0.14293913
   -0.01080072    0.04892391
   -0.04123764    0.11358055
    0.20341688   -0.34989156
    0.65873299    0.16360422
    0.59183534    0.17936105
    0.62723520    0.02986180
    0.57798862    0.11210374
    0.29745234   -0.65953988
    0.30163338   -0.73228960
    0.36467233   -0.72848431
   -0.00478325   -0.28847580
   -0.42812407    0.39868459
   -0.42016548    0.23035462
    0.80963658    0.31763240
    0.45454312   -0.83132371
   -0.86255234    0.40547239
    0.32274078    0.17465197
   -0.46831490    0.74500638
   -0.46983905   -0.44324287
    0.21468611    0.15782912
   -0.26259556   -0.36039780
   -0.01919166    0.29219075
   -0.73342919   -0.31897505
    0.29612882   -0.79381666
    0.39121573   -0.29147130
    0.46882809   -0.23210531
    0.33540610   -0.21632307
    0.52959988    0.19407582
    0.46208906    0.21081626
    0.45513911    0.13537110
   -0.03259991    0.79642941
    0.58943635   -0.04205467
   -0.13885873    0.40018347
   -0.31573608    0.06097569
   -0.24568707    0.06716703
   -0.47362907   -0.39616320
    0.63444939   -0.50402871
    0.11948536   -0.21083407
    0.74307266   -0.25715240
    0.66472455    0.56401417
    0.72886438    0.51688448
   -0.06901418   -0.01287108
    0.83115678    0.46281216
    0.19378240    0.93161547
   -0.23666673   -0.84696123
   -0.32023962   -0.43509524
   -0.05556153   -0.50003682
    0.26339244    0.69158106
   -0.29567611    0.90999750
   -0.07137543   -0.58885904
   -0.03413040   -0.65316821
   -0.09802208   -0.67839279
    0.08245310   -0.60976776
   -0.32563626   -0.71383803
    0.86213654   -0.41518307
    0.16923214   -0.93367049
    0.76748681    0.45072965
    0.78724738    0.37848004
   -0.89055601    0.07798761
   -0.05037972   -0.33218050
    0.64157350    0.09900946
   -0.87831865   -0.14104863
   -0.26111893   -0.74236798
    0.43433506   -0.78944296
   -0.34535056   -0.78050211
   -0.18736098   -0.09413656
    0.49812085    0.63586788
   -0.92587694   -0.22570303
    0.60802949   -0.12087265
    0.61334195   -0.17125026
   -0.86589235    0.03032324
    0.45516380    0.76954258
    0.23774387    0.24129187
   -0.60566675    0.37650338
   -0.02929376    0.48520446
   -0.39395257   -0.43277486
   -0.72212625   -0.20448128
    0.72565241    0.22533635
    0.04842941    0.75252606
   -0.70992443    0.21057445
   -0.79975734    0.20583015
    0.37753975   -0.78891068
   -0.52066289   -0.09291782
   -0.78144478   -0.16312670
    0.27827214   -0.28876055
   -0.52761496    0.31978126
    0.58501231   -0.55258213
    0.29446610    0.31315485
   -0.05756943   -0.45371445
    0.70502736    0.42486668
    0.10315570   -0.34651488
   -0.05141180    0.56482710
   -0.10501931    0.49353919
   -0.53227471    0.48485217
   -0.64862508    0.70207039
   -0.14261263   -0.34413439
   -0.17899728   -0.41856918
   -0.07463548    0.25783575
    0.38979766    0.21663795
    0.44594589   -0.46360394
   -0.16713378    0.01755924
    0.30454999   -0.46885182
    0.31621782   -0.51449355
    0.52408441    0.72501297
    0.74698576    0.18445141
    0.63695860   -0.71598420
   -0.17084746   -0.86018308
   -0.10575681   -0.88155265
   -0.14083906   -0.94397867
    0.00729952    0.95535697
   -0.00294840   -0.56722479
   -0.67671117   -0.14194869
    0.29427994    0.61000619
   -0.35377062    0.08531706
    0.27432290   -0.36489220
   -0.54225927   -0.79025781
    0.11627717    0.88902470
    0.03671167    0.02588728
   -0.59089017   -0.26303373
   -0.94997591   -0.07761962
    0.10547449   -0.48918030
   -0.95620381    0.03913270
    0.55566290    0.77942165
   -0.45207478    0.35061175
    0.40267741    0.30338825
   -0.22753035    0.39469762
   -0.88706194   -0.05752862
    0.93911833    0.18481117
    0.03003224    0.55473373
   -0.23600345    0.72519972
   -0.21509224    0.68541080
    0.37372277    0.80481716
   -0.71210177   -0.53117290
   -0.66829932   -0.60816504
   -0.82358396   -0.49206851
    0.27348305   -0.24033082
    0.04003689    0.59912646
    0.25119747    0.05226434
   -0.94036209    0.15727589
   -0.29793525   -0.33102104
   -0.39064989   -0.70168574
   -0.54080477   -0.23163010
   -0.68871857   -0.26121838
    0.23161917   -0.59308340
   -0.02251921   -0.42672610
    0.61208352   -0.40370349
    0.13509816    0.79147665
    0.29659505   -0.59221689
    0.36232042   -0.58671862
   -0.91933491   -0.27157157
   -0.52774576    0.01654690
    0.23524869    0.30847103
   -0.11178826    0.17922661
    0.55128060   -0.25196571
    0.21509924    0.65011157
    0.22825429    0.60724007
   -0.74927077    0.47830660
   -0.20084844   -0.28042564
   -0.57833695    0.27304906
   -0.62239646    0.22755156
   -0.62947538    0.62291160
    0.72852953   -0.45116741
    0.37481720   -0.64316351
    0.23792319   -0.02548879
   -0.36715711    0.37142304
   -0.39278148    0.31368249
   -0.36277120    0.23416883
   -0.29098932    0.41078799
   -0.30171514    0.34733934
    0.33632309   -0.06912556
   -0.19697165   -0.60540221
    0.14148478   -0.11023144
    0.11929938   -0.16744127
   -0.53629120   -0.72004586
   -0.46967415   -0.74510723
   -0.73293061    0.05908729
    0.57909334   -0.65030205
    0.55803605   -0.69464928
    0.25396609   -0.17511159
    0.39738386   -0.36979494
    0.46882693   -0.38093385
    0.94779806   -0.12541840
   -0.60574405    0.51333929
   -0.63358284   -0.11320722
   -0.38959035   -0.02330080
   -0.79856585    0.40481776
    0.34770055   -0.29814761
   -0.87876469    0.15929505
   -0.24254119   -0.48184107
    0.25170488   -0.10886806
    0.44619706   -0.60958175
    0.44504941   -0.66913411
    0.46431724   -0.42418718
    0.74922900    0.58407459
   -0.84076673    0.32992932
    0.19600038   -0.17417787
    0.05036125   -0.21467104
    0.03836741   -0.28569776
   -0.37405298   -0.36481186
   -0.48816552   -0.16249691
    0.58230148    0.47943945
    0.61244153    0.51276340
    0.54907785   -0.11203531
   -0.20698733   -0.78178483
    0.79685139    0.11396540
   -0.02610582   -0.08536197
   -0.03009216   -0.03010819
    0.68798225    0.66928968
    0.16516704   -0.88993104
    0.12947322   -0.94870910
    0.54709025   -0.19436521
   -0.35902578   -0.15733514
    0.16114766   -0.52681725
   -0.11173745   -0.19410637
    0.14905683   -0.02167041
    0.16969279    0.02463509
    0.11303399    0.05886112
    0.60782997   -0.58890073
   -0.57617811    0.18407980
    0.09660442   -0.28542535
    0.43974753    0.02801876
    0.43927671    0.85264729
    0.56905204    0.62435229
    0.02601550   -0.45050618
    0.50802561    0.05650600
   -0.41404304   -0.29457774
    0.56057246    0.69385016
   -0.51793588    0.39319883
   -0.09371762   -0.38169085
   -0.29368969    0.49285580
   -0.43135398   -0.56753593
    0.10597030    0.14045852
    0.11185652    0.22750077
    0.06763443    0.19891949
   -0.11015322    0.32466321
   -0.30638192   -0.90620147
   -0.11976624   -0.63880291
    0.49893880   -0.67699434
    0.26185412    0.58184972
    0.61261734   -0.24785641
    0.09848536   -0.43072675
    0.05718734   -0.42001426
    0.74545400   -0.12771857
    0.68390652   -0.19126387
    0.73499971   -0.19629778
   -0.57683012    0.03036929
    0.73678612   -0.37441284
   -0.27337053    0.82780844
    0.89166747    0.35316827
   -0.54710630    0.63054010
   -0.31723634    0.75751279
   -0.02717981    0.73148146
   -0.79008277    0.34094353
   -0.09581646    0.05278888
    0.22858192   -0.51013412
   -0.49852275    0.81749759
   -0.45901203    0.83608186
    0.15245966    0.94547139
   -0.08791767    0.95570470
   -0.07947328    0.87301420
    0.03371209    0.90280104
   -0.04945975    0.90319563
    0.81088403    0.18562930
    0.58961601   -0.45743301
    0.17602805    0.24744523
   -0.02590923   -0.96193670
   -0.25426517    0.14111189
    0.66183524    0.00643540
   -0.48674515    0.28002936
    0.48884307   -0.01878806
    0.72901531    0.35978789
    0.18587642    0.80570273
    0.18123846   -0.75807838
   -0.27082042   -0.82301078
    0.48292388    0.73484429
    0.11216189   -0.04302208
   -0.48254857   -0.07608364
   -0.14468540   -0.67171954
   -0.43840561    0.26728443
    0.08155699   -0.90003720
    0.16639041    0.10805455
    0.21185315    0.06936869
    0.29556328    0.24766024
    0.81199351   -0.26690313
    0.33200066   -0.43826415
   -0.15612929   -0.81015015
    0.38108645   -0.50572788
   -0.37913486    0.16080934
   -0.14288971    0.88749832
   -0.19198598    0.19622881
   -0.15902472    0.75353933
   -0.15602841    0.70219101
    0.04744162   -0.07877441
   -0.54951353   -0.56498656
    0.85767183   -0.00918666
    0.17218777    0.72297443
    0.34350761    0.69042129
   -0.65133858   -0.55038170
   -0.05300219    0.07432771
    0.50845381   -0.06984041
    0.34750335    0.73128874
   -0.44719698   -0.50082530
   -0.39109641   -0.49231046
   -0.37839316   -0.86633392
    0.49460229   -0.82361776
    0.30167131    0.09921825
   -0.06573656   -0.89324532
   -0.38648445   -0.65102792
   -0.81874230   -0.33714121
    0.03729555    0.85985519
    0.88445775    0.16572225
    0.58893841   -0.08377419
   -0.10350065   -0.08097867
    0.23884360   -0.86211170
   -0.25250130   -0.65030016
    0.68862468   -0.12486601
    0.22800206    0.37188555
   -0.38613627    0.72299745
    0.48990327   -0.74442069
    0.84908605    0.30683882
   -0.47535413    0.45246769
   -0.52743406   -0.48524479
   -0.59688665   -0.44460172
   -0.58773564   -0.50423751
   -0.18088608   -0.35730796
   -0.91060541    0.29699215
    0.37660347    0.09392635
   -0.45198743    0.20348634
   -0.49419083    0.20622229
    0.53008040   -0.80438169
    0.93139562    0.23226604
    0.03797792    0.68119765
   -0.58789938   -0.18274229
    0.51341981    0.27733014
   -0.04028732    0.60383701
    0.22298482    0.69087672
    0.44741959   -0.75133987
    0.81784416    0.24096618
    0.25122036    0.17757143
    0.36581002   -0.14513115
    0.52498948    0.80553171
   -0.19690170    0.13775156
   -0.17732039    0.06997401
   -0.76007890   -0.46509901
   -0.80387965   -0.41432160
    0.56049769    0.39995588
   -0.14594268   -0.11792848
    0.00356365    0.40874126
    0.04584844   -0.68335393
    0.10111510   -0.64598179
    0.11865431   -0.70695908
    0.08116058   -0.72524419
   -0.18267081    0.58749656
    0.47850429   -0.19058661
   -0.24760882    0.02722184
   -0.25302201    0.19489955
   -0.28781124    0.26578159
   -0.31873402    0.22030541
   -0.07962751    0.13449548
   -0.07530577    0.19586739
   -0.01916186    0.19536433
    0.22603002   -0.63374472
    0.17460182   -0.69505493
    0.16157671   -0.63953715
    0.71606309   -0.05462771
    0.66047986   -0.05336724
    0.42123639    0.81690308
   -0.86069215   -0.38982698
   -0.85306111   -0.21332449
   -0.66162836    0.26338469
   -0.71814297    0.30518776
   -0.67117164    0.34032859
   -0.22385982    0.81268663
    0.15388243    0.35714577
    0.28489142    0.82249758
    0.47965099    0.39899892
    0.53185845    0.43721476
    0.65055855    0.38162897
    0.61777280    0.42558629
    0.43570762   -0.30168275
    0.20708301    0.86830214
   -0.33754516    0.83655068
   -0.18717150   -0.22344372
    0.80514925   -0.19905292
   -0.35973056   -0.09751311
   -0.15856477   -0.59417548
   -0.45188368    0.05128980
    0.49777982   -0.25889514
    0.67082174   -0.31600583
   -0.02032226   -0.51792329
   -0.47983053    0.12486834
   -0.52444072    0.15573934
   -0.43253645   -0.19508939
   -0.51103527   -0.20456515
    0.00933989   -0.63593174
   -0.68575475    0.17957780
   -0.39476407   -0.22155794
    0.36292331   -0.83588230
    0.42727841   -0.86016341
    0.38308866    0.74915190
    0.03798173   -0.01488854
   -0.24871213    0.25523882
    0.53026266   -0.32972614
    0.09766320    0.68139902
    0.52401072   -0.43658975
    0.22171070   -0.82706799
   -0.21112834    0.44401577
   -0.17069391    0.44700737
   -0.53922162    0.23317568
    0.86997499   -0.23670698
   -0.08847784    0.72281657
    0.10282990   -0.82033446
   -0.31487870   -0.67619939
   -0.24507701   -0.70684693
   -0.38972721    0.20606214
    0.27141463    0.73055256
    0.05018336    0.34440560
   -0.75676734    0.15459859
   -0.93371527   -0.18738203
   -0.63889659    0.40338027
   -0.61648666    0.46485984
   -0.56994520    0.44125904
   -0.72042293    0.55792832
    0.01956533   -0.48877249
    0.18714171   -0.06553275
    0.35373225    0.36310891
    0.26966415    0.89854615
   -0.43694210   -0.77069053
   -0.47228503   -0.83699870
    0.17887707   -0.82272744
    0.91640225   -0.22139613
   -0.62071643    0.67221385
   -0.18115625    0.35296037
   -0.25532994    0.32897125
    0.35140381   -0.53047397
    0.89922363    0.02149714
    0.31205556    0.79511607
   -0.85559195   -0.17365774
    0.86669321   -0.14894372
   -0.44417571    0.57538365
   -0.64195920   -0.19684351
   -0.88686030    0.37295050
   -0.80711667   -0.52698267
   -0.46653328    0.00524675
   -0.39453981    0.02524859
   -0.69681344    0.12313159
   -0.65521398    0.10854474
   -0.46386251    0.52483918
    0.08364076    0.09717554
    0.04529162    0.09986858
    0.82550097   -0.13554449
   -0.93851194    0.00470441
    0.78060368   -0.56714177
   -0.69952142    0.50096012
   -0.20242161    0.00229923
   -0.24394620   -0.05045300
   -0.61383343   -0.01569554
   -0.58847432   -0.05137653
   -0.68833306   -0.17991967
   -0.95259541    0.11920058
    0.14341548   -0.76581296
    0.00877113   -0.14054292
    0.52188793    0.36148731
    0.79437823   -0.04973942
    0.77066084   -0.18039739
    0.42194561   -0.63890163
   -0.34478467   -0.25945811
   -0.37514851   -0.29754795
    0.24039962    0.12964560
   -0.09128302   -0.15880924
    0.11262219    0.57490921
    0.07744371    0.60629742
   -0.33502545    0.90120502
   -0.48928234    0.31830634
    0.02492713    0.06209678
    0.12180235    0.29795302
    0.11376020    0.37412610
    0.38414470    0.59691652
    0.33749216    0.55681165
   -0.26794591    0.88404379
   -0.65013396   -0.31464896
   -0.64589008   -0.39033957
   -0.68930538   -0.36278560
   -0.65854541    0.01567057
    0.00663856    0.22417299
   -0.06572870   -0.95977610
    0.56427145   -0.31193100
    0.18717491    0.54976245
    0.22324978    0.52474869
    0.12241836    0.44953301
    0.14084562    0.52236019
   -0.24574019   -0.57291707
   -0.13311884    0.57582721
    0.71332074   -0.52819081
    0.69965374    0.01119093
    0.09862679    0.26809387
    0.07999526    0.41157577
    0.17293379   -0.43934362
    0.68956791    0.59246474
   -0.41671210    0.09701187
   -0.34240746    0.42051985
   -0.00737712    0.62182427
   -0.81632077   -0.10061834
   -0.50826567    0.07161328
    0.25209495    0.93163933
   -0.44540820   -0.31942642
   -0.39571192    0.88167458
   -0.24920159   -0.39609396
    0.54878523   -0.38622409
   -0.64122084    0.58745872
   -0.68685327   -0.01085202
    0.91724190   -0.29414745
    0.10997589   -0.58331156
   -0.32779568    0.01264993
   -0.30581312   -0.01981778
   -0.65408099   -0.24721944
    0.39418544    0.67262856
    0.04789103    0.45773758
   -0.29351036    0.70495442
    0.96246813   -0.08662370
   -0.61381104   -0.66847451
   -0.50331006   -0.37209857
    0.81537535   -0.36246195
    0.85327696   -0.32376615
    0.89165520   -0.36139631
    0.56232144   -0.78182118
    0.44650389    0.35940289
    0.43638116    0.28596478
    0.48273436    0.31623627
   -0.40676276   -0.81680131
    0.34297461   -0.80391479
    0.41255955    0.54645150
   -0.06166138   -0.09738699
   -0.83051200    0.49620782
    0.54754943    0.55398629
   -0.49738703    0.59416526
    0.55713251    0.32171301
    0.60386510    0.35034243
    0.62586297    0.29488611
    0.45666905    0.43223135
    0.30657121    0.75492128
    0.24816660    0.80539112
    0.40722723    0.47262472
    0.36801490    0.43777336
    0.32960877    0.40287896
    0.40312377    0.39631260
   -0.55430932    0.10637091
   -0.27909424    0.45823959
   -0.12546142    0.09975074
   -0.21688892   -0.41604492
   -0.14984585    0.83365717
    0.12492435    0.75511779
    0.65700331   -0.10551905
   -0.29279017   -0.08896477
    0.69831159    0.49575992
   -0.40454099    0.80886475
    0.92189917    0.28895690
   -0.30970358    0.58603522
    0.87354182    0.23288690
   -0.55143912   -0.32794169
   -0.17621444   -0.05889018
    0.05150651    0.79079789
   -0.72657718   -0.63508185
    0.45532415   -0.53616592
    0.69968211    0.28409282
    0.76272640    0.29829873
    0.75775516    0.24304575
   -0.11537668   -0.75239471
   -0.09382860   -0.82258472
   -0.01399588   -0.37853852
    0.03162720   -0.32907318
    0.46939807    0.66032821
    0.24903404   -0.93500050
    0.67319141    0.32644498
   -0.28865303   -0.54473202
    0.25717899    0.41388361
    0.20750043    0.45204303
   -0.81628695    0.10931015
   -0.91561650   -0.30862698
   -0.85366183   -0.27070927
   -0.60792796   -0.74438272
   -0.63933004   -0.71968983
   -0.57455095   -0.68364737
    0.41961169    0.61989133
    0.82531824    0.38058714
   -0.58424964    0.67443518
    0.96664520    0.05210991
   -0.95429489   -0.11626974
    0.29419818   -0.69622191
    0.89351237   -0.10804374
    0.33507430    0.48354262
    0.30706800    0.52737304
    0.26319767    0.48636404
   -0.65931896   -0.06092756
    0.46930910   -0.09842187
    0.00052830   -0.91274139
    0.36497245   -0.67894916
    0.39915513   -0.71589619
   -0.01600463   -0.78993763
   -0.03953151   -0.83359841
    0.41108233   -0.01816618
    0.09312265    0.73670146
    0.72517175   -0.01895466
    0.64706714    0.59812451
    0.12302234   -0.37702943
   -0.05122720    0.39586325
   -0.55564460    0.51261044
    0.51725805   -0.36364092
    0.86535146    0.08726210
    0.81032537    0.05240549
    0.83259259    0.12007669
    0.11625602   -0.08349371
    0.08285279   -0.14663145
   -0.34379851    0.67318910
   -0.23087684   -0.20490632
   -0.77154973    0.58200787
    0.28892611    0.66479281
    0.29610815   -0.91674195
    0.29833284   -0.86555579
    0.59631873   -0.32885626
   -0.79338798    0.04957455
   -0.56447096    0.70586133
   -0.69371553    0.66776280
   -0.57632260   -0.53945548
   -0.39578446    0.49830258
   -0.66441480    0.05464739
   -0.85572984   -0.32111730
    0.07816315    0.96545391
   -0.93366614    0.22696594
   -0.61107076    0.74439377
   -0.18676771    0.23219697
    0.03063031   -0.81551379
    0.80367685    0.54092147
    0.64434245    0.24089619
   -0.23599523   -0.27380893
   -0.33485483   -0.64519410
   -0.70401274   -0.60604744
   -0.51053663   -0.28281029
    0.04343676   -0.96719469
   -0.56975691    0.60148020
    0.06008436    0.53522190
   -0.36577629    0.00365396
   -0.76167815   -0.35210588
   -0.60578355    0.05520370
    0.91339445   -0.05058720
    0.74115629   -0.29543271
    0.77393636   -0.32589453
    0.36698392   -0.44442649
    0.40723547   -0.23311339
    0.21088445   -0.69370306
   -0.61690508   -0.34542328
   -0.47182032   -0.78158394
   -0.32820193    0.16134329
    0.24355039   -0.47782800
    0.30262437    0.00253311
   -0.81018519    0.52632542
   -0.77237854   -0.58212399
    0.27096815   -0.04397960
    0.60396610    0.75030155
   -0.66534840    0.62059346
   -0.51708886    0.69120975
   -0.22901428   -0.92233531
   -0.17968231   -0.66483422
    0.59921791   -0.36882652
    0.71644055   -0.10309560
    0.75436171    0.49020918
    0.82614847    0.49802028
    0.15481021    0.63658057
   -0.75750177    0.23285486
   -0.77467442    0.28504250
   -0.82807960    0.25764069
   -0.75801363   -0.29367228
   -0.29125988   -0.72331402
   -0.01231488    0.32879794
    0.09641620    0.85987376
    0.14286823    0.86584817
   -0.12434687    0.63741384
   -0.33910221    0.78707334
   -0.12154159   -0.50277138
    0.66945883   -0.37783804
   -0.13014545    0.96077229
   -0.28042903    0.06087462
    0.09240820    0.48787904
    0.66881009   -0.70117472
    0.66010962   -0.48003581
    0.03339839    0.71872633
   -0.02334712   -0.16216358
    0.58088846   -0.18473483
    0.14099954    0.13384212
   -0.26636185    0.93242289
   -0.73006700    0.02413778
   -0.39113904   -0.39618575
   -0.35478640   -0.44086667
    0.95588486    0.12392258
   -0.02790927   -0.19686207
   -0.03798540    0.00463081
    0.30833808    0.21515149
    0.35884785    0.65823135
   -0.48014199   -0.30953610
   -0.02067359    0.14362142
   -0.11045364    0.25792592
    0.88784041    0.38831857
   -0.45132974    0.16849560
   -0.46471979   -0.24697064
    0.28561067   -0.53265852
   -0.37295390    0.54490085
   -0.38464803    0.58267192
    0.71850471    0.65084770
    0.26213951    0.37930349
    0.77855623   -0.25479586
    0.82367054   -0.51240487
   -0.50492408    0.23938332
    0.04332344   -0.55358357
   -0.00166868   -0.21977030
    0.32824580    0.07673836
    0.66946599    0.70008621
   -0.74774670   -0.18072376
   -0.74283423   -0.23381304
   -0.79346871   -0.23476406
   -0.76226965    0.12029708
   -0.82230675    0.15630095
    0.05241837   -0.76943726
    0.01977511   -0.70888556
   -0.71651361   -0.45435896
    0.60233600   -0.72345642
   -0.96813662   -0.03477484
   -0.44775652   -0.37293331
    0.76874617    0.02265992
    0.80439837   -0.54194441
    0.66884528   -0.23547961
   -0.28604985   -0.78956458
   -0.85010380   -0.00054182
   -0.15748440   -0.73335881
    0.04266694    0.28700206
   -0.24958533   -0.87918393
   -0.18196499   -0.89295491
   -0.04076653   -0.86886227
    0.82291357   -0.01200307
    0.84821576   -0.07680683
    0.31542496    0.13944341
   -0.35300047    0.45366607
   -0.59462538    0.15487793
   -0.04810457    0.33317081
    0.00815432   -0.74845464
   -0.02760537    0.67872826
    0.35869069    0.84196031
    0.41183929    0.87622558
    0.08221531   -0.07579017
    0.93264893   -0.00609310
   -0.87690872    0.19401899
   -0.94623250    0.19143607
   -0.84783656   -0.46409484
   -0.78746801    0.17248961
    0.68413902   -0.26654217
   -0.32976404    0.48721692
   -0.36585080   -0.89839321
   -0.60859185   -0.61263901
   -0.59937640   -0.56749944
    0.26302443   -0.65796001
    0.26704531   -0.72555884
   -0.07620725   -0.77279839
    0.85459809   -0.45158112
    0.44371631    0.50434790
    0.53836211    0.24204774
    0.46801144    0.24472147
    0.49680528    0.20463790
   -0.50114742   -0.67147969
   -0.44782169   -0.62559957
    0.59401531    0.03871605
    0.57016991    0.07862685
    0.60445551    0.22420651
    0.69341724    0.15228420
    0.67364531    0.08630317
    0.66855279    0.19655161
    0.63763002    0.06473849
    0.62551376    0.17245739
   -0.02001632    0.82842433
    0.62245051    0.64708121
   -0.08092956   -0.30841080
    0.16261492    0.47890675
    0.08432803    0.34067608
   -0.36153258   -0.05791205
   -0.06418114    0.48049941
   -0.54850967   -0.11307949
   -0.28637425    0.77255565
   -0.87466091    0.10946159
   -0.09931342   -0.56675268
   -0.41634442    0.68230711
   -0.49457257   -0.61191738
    0.96541218    0.00703761
    0.52644691    0.69083614
   -0.21187693    0.07766024
    0.70523168    0.04493072
   -0.50631904   -0.54580959
   -0.21915262   -0.13427529
   -0.16829904   -0.17232552
   -0.11444303    0.42438336
   -0.10940526    0.36761808
   -0.54126787   -0.59841077
    0.04490706   -0.17610448
    0.69395890   -0.67642674
    0.88392757   -0.28599603
   -0.17303900   -0.52212588
   -0.57164293   -0.21420962
    0.37618185    0.12795382
    0.24025335   -0.42206945
    0.92183398    0.10735685
    0.07868286    0.16550203
    0.04373116    0.16195723
   -0.13496183    0.20481648
   -0.16359175    0.14411926
   -0.22957901    0.94181765
   -0.50067800   -0.45711021
   -0.53662829   -0.39887742
   -0.53654060   -0.45226558
    0.73859727    0.43214659
   -0.33778340   -0.84080628
    0.04655463   -0.93322028
    0.50327254    0.09434111
    0.46487534    0.05334542
    0.43983292    0.10521561
   -0.08931279    0.01953217
    0.25138456    0.75794825
    0.19988273    0.74296682
   -0.24947215    0.75634925
    0.39561237   -0.41654052
    0.32710725   -0.40478890
   -0.57349016   -0.71741398
   -0.45948151   -0.67411041
   -0.18135424    0.67899610
    0.55188927   -0.52795565
   -0.06778390    0.62368402
   -0.21530100   -0.06918508
   -0.53338109   -0.01662673
    0.51367491    0.50093587
   -0.55347984    0.34435438
    0.13611430   -0.50385219
    0.82232569    0.28622634
    0.15486699    0.81865066
   -0.20456970   -0.85761736
    0.77036768   -0.10465536
   -0.49835803    0.72906600
   -0.47074449    0.37893999
   -0.65287719    0.19027836
   -0.42732689    0.32767100
    0.37796382    0.52477401
    0.19642559    0.58342987
    0.15978308    0.59200012
   -0.22668251    0.50598719
   -0.24640197    0.55648194
   -0.20735283    0.61047225
   -0.44811901   -0.70595208
   -0.59769973    0.34311934
    0.65015325    0.13130684
    0.33086628   -0.66034021
    0.29912829   -0.62615841
    0.58472749    0.14483628
    0.54545245    0.11973454
    0.52018073    0.16202433
    0.32870523    0.31062548
    0.29710220    0.43787974
   -0.69413085    0.24007496
   -0.28017890    0.65128711
    0.03840827    0.23445828
    0.60860154   -0.52562256
    0.65604215   -0.52945634
    0.65904476   -0.57207270
    0.72194653    0.11030825
    0.47534844    0.84656631
   -0.12204659   -0.31763092
   -0.09700315    0.28911229
   -0.16428199    0.28253235
   -0.41810025   -0.04147610
   -0.02343271    0.96941367
   -0.17182827   -0.45112245
    0.28594130   -0.16494323
    0.25911295   -0.20839391
   -0.42912042    0.60625090
    0.30458060   -0.22867779
    0.10438737    0.80427026
   -0.59891556   -0.41148024
    0.56331800   -0.02010928
   -0.73377498    0.63045637
   -0.08691282    0.83641785
   -0.23652296   -0.33953632
   -0.35950768    0.60555847
   -0.88933739    0.22477275
    0.74382252    0.07109262
   -0.79426975   -0.36010357
   -0.28519197    0.12916847
   -0.28620259    0.19473771
   -0.35485064    0.28657127
   -0.32067772    0.29563481
    0.14404219    0.04618268
    0.45945792   -0.32533830
   -0.55852423    0.78554554
   -0.17051561    0.95356565
   -0.91865222   -0.06715672
    0.21693950   -0.31949174
    0.16643554   -0.27824447
    0.16309153   -0.32783416
   -0.70100630    0.27697369
   -0.31985156   -0.40204434
    0.47581832   -0.59054680
   -0.12699017   -0.22416208
   -0.06396801   -0.25116330
   -0.07968257   -0.20305682
    0.32982071   -0.59380660
    0.42954079    0.21605609
    0.45416379    0.16933915
    0.42432879    0.14970651
    0.45199579    0.57645196
   -0.49658579    0.76200742
   -0.70663544   -0.23356408
   -0.74751779   -0.51642694
   -0.72536731   -0.56131641
    0.36427016   -0.37543937
    0.38314314    0.89246797
   -0.20479709    0.29939116
   -0.54602156    0.41048196
   -0.71840644   -0.40115342
   -0.06652965   -0.36176664
   -0.79450901    0.45639981
    0.23151044   -0.55955172
    0.20241999    0.31401134
    0.23339065    0.27547254
   -0.14240071    0.31815148
    0.93538690   -0.24862807
   -0.70410661    0.37787265
    0.19098419   -0.13807867
    0.25801577   -0.14211273
   -0.55261401    0.29345917
   -0.58335184    0.40064161
   -0.17728268    0.52204207
    0.28512183    0.92796298
    0.21875304   -0.11013192
   -0.24928435    0.60375764
   -0.31989556   -0.46806093
   -0.27163882   -0.49686718
   -0.28748703   -0.43515925
   -0.50686837    0.46329216
   -0.33429073    0.35232958
    0.43015477   -0.43410858
   -0.04972626   -0.73022335
   -0.06721463   -0.66733953
   -0.02550600   -0.68484139
   -0.45135916    0.47490174
   -0.28637952   -0.30043041
   -0.97095534   -0.00180512
    0.52634371   -0.13635142
   -0.60479862   -0.09727417
    0.65453692   -0.17512043
    0.48242797    0.54399881
    0.51712149    0.56930616
   -0.76383393    0.50751555
   -0.04806703    0.27687476
   -0.78818583   -0.55356944
   -0.62103682   -0.24933763
   -0.41444967    0.28935866
   -0.10996017    0.88560364
   -0.41268038    0.64945488
   -0.71036158   -0.07613179
    0.26356446   -0.79301999
    0.29375193   -0.82682555
   -0.38056834    0.06556460
    0.35240880    0.18877344
    0.83500705   -0.38836392
    0.79130404   -0.39182117
    0.78846583   -0.43355274
   -0.21672577   -0.63345380
    0.73382848   -0.63096585
    0.60939849    0.10369889
    0.80783372    0.35151196
    0.28424922    0.18117638
    0.24134412    0.20845606
   -0.21327544   -0.70016700
    0.79879595    0.45954190
    0.41646220    0.70020525
    0.22650889   -0.76259200
    0.78046703    0.57504608
    0.19867143    0.89958880
    0.17222837   -0.79011693
    0.61078433   -0.48193202
   -0.68489207   -0.69106740
    0.20119166   -0.94505222
    0.19480711    0.48176483
   -0.32230649    0.09259519
   -0.63843969    0.36901277
   -0.02827038   -0.26431924
   -0.86157069    0.44016762
    0.04363942    0.97170709
   -0.51867695   -0.17316035
   -0.01901339    0.55308002
    0.49540978    0.82029166
   -0.57359489   -0.78279769
    0.85856679    0.43937231
   -0.89800699   -0.37432974
   -0.90644984   -0.34138136
   -0.83114885    0.21480770
    0.95941392   -0.15637326
   -0.12362110    0.81475918
   -0.11994914    0.78258166
   -0.09010759    0.76986091
    0.51657573    0.01875952
    0.29446986   -0.43804736
    0.35012175    0.90803576
   -0.97060442    0.06981704
    0.37199233    0.29379478
   -0.23123683   -0.76072500
   -0.22508623   -0.80858685
    0.48158032    0.78842083
    0.61296289   -0.21571283
   -0.42354666   -0.12808362
    0.39003308   -0.12365794
   -0.84206930    0.46598633
   -0.56213072   -0.62271874
   -0.83056344    0.40471996
    0.56144584    0.18979846
   -0.42593955   -0.43250770
   -0.69975671   -0.42712638
    0.50108508   -0.30931525
    0.03050327    0.52014243
    0.05613471    0.63190156
   -0.74541470    0.34825341
   -0.44314275    0.76678147
    0.22540527    0.33946749
   -0.02363781    0.08691626
    0.71441255    0.38856238
    0.77553657    0.40818284
    0.00357653    0.66761927
    0.35458517   -0.90161949
    0.14279846   -0.18903735
    0.76231343   -0.59769430
    0.31344518   -0.09207532
    0.45745218    0.69305773
   -0.64580092   -0.45767795
   -0.21336389    0.74843293
   -0.05259967   -0.61552455
    0.01100885   -0.60387060
   -0.03242448   -0.57891239
   -0.16165918    0.37805133
   -0.77357218   -0.43574538
   -0.57467158   -0.29213925
   -0.61795499   -0.30754234
   -0.57478616   -0.35494261
   -0.57050642   -0.38636901
   -0.20639503    0.85986793
   -0.51124350   -0.06267985
    0.38825317    0.06438539
    0.29659183    0.85215223
    0.14189207    0.18096670
    0.18562505    0.13323600
    0.19100404    0.17922424
    0.14285898    0.38699072
    0.23078997   -0.66683916
   -0.06622050   -0.13906166
   -0.32622405    0.61308891
   -0.37862766    0.34195737
   -0.03088705   -0.30687950
    0.95811939    0.15729064
    0.33343947   -0.73513515
    0.64132164    0.49840265
    0.63887672    0.53124239
    0.69830995    0.53115449
    0.41008106    0.73170531
   -0.58421546    0.11643191
    0.59162332    0.70102497
    0.25314555   -0.53139907
    0.42308016   -0.53637557
   -0.86196750    0.35341777
    0.40856474   -0.31791325
    0.32782613    0.04102948
   -0.03748348    0.87110915
    0.79663328    0.08166314
    0.05907982   -0.11037789
   -0.39593729    0.38429218
   -0.41083505    0.42545117
    0.00015696    0.17039969
    0.79093156   -0.01315356
    0.91305775    0.33006997
   -0.31124184   -0.59579413
   -0.27109203   -0.62424172
   -0.29091755   -0.65575935
    0.63642876   -0.60332382
    0.54236708    0.75077014
    0.42872792   -0.69601791
    0.48747602   -0.70690073
   -0.87496135   -0.10770545
   -0.16305125    0.86273321
    0.70787744    0.25373280
    0.11323282    0.96598355
   -0.36209758   -0.23038454
    0.15228633    0.69308322
   -0.39651738   -0.73262274
   -0.35660361   -0.70804964
   -0.33641529   -0.75028741
   -0.13089443    0.72203522
   -0.29665883    0.55739165
    0.54845684   -0.72482310
    0.59290754   -0.77040683
   -0.11355743   -0.96111195
   -0.06613844   -0.92467579
   -0.12316779   -0.91807802
    0.16952676    0.27811427
    0.09932062    0.03033438
    0.06786293    0.66874078
   -0.73564333    0.38491848
   -0.38158366   -0.32855177
   -0.41209490   -0.37200327
    0.34233080    0.80351594
   -0.37840567    0.64676442
   -0.35921359    0.70501744
   -0.64309153    0.30282399
   -0.60880944    0.30635799
   -0.60155412    0.25082092
   -0.19886265    0.37991853
   -0.41604038   -0.64026149
   -0.60637560   -0.12839214
   -0.08562238   -0.70728053
    0.00100262    0.79589316
   -0.26262605   -0.07699156
   -0.66231839   -0.48436715
   -0.69482356   -0.48736326
   -0.71054102   -0.34004815
    0.13481794    0.91399909
    0.09202022    0.90849467
    0.70830567   -0.47474547
    0.47877280   -0.12836817
    0.61760329   -0.75094426
    0.15338783    0.41629713
   -0.55630628   -0.50069150
   -0.50615961   -0.51355653
    0.20744339    0.24995938
   -0.06355360    0.22672808
   -0.86257166   -0.03722161
   -0.13720622    0.53134279
    0.26561926   -0.59262998
   -0.40830243    0.14968330
    0.11937194   -0.01292837
   -0.45728000   -0.47154728
    0.53736349   -0.62197853
    0.20462762   -0.57617274
    0.18405870    0.64733842
    0.36587585   -0.75981123
    0.65196431   -0.63499482
    0.63289904   -0.68451280
    0.29355132   -0.76257629
   -0.76476268   -0.08466578
   -0.75259357   -0.14682301
   -0.79511586   -0.13444800
    0.24359770    0.66776085
   -0.13852394   -0.78416014
   -0.19319694   -0.75392096
    0.11291611   -0.13629958
   -0.93195815    0.27233412
    0.07516603   -0.36076657
   -0.03285299    0.51600672
    0.00505262    0.73145572
   -0.02975267    0.76231156
   -0.12166118   -0.36746416
    0.27944283   -0.31993092
    0.31727600   -0.29137187
    0.34074121   -0.32817903
    0.50811114   -0.63169856
   -0.64065392   -0.52117570
   -0.68141585   -0.54356073
   -0.43721408    0.81159080
   -0.90949528    0.15620790
   -0.51858293    0.61653553
   -0.51468915    0.56257360
   -0.54703847    0.56026962
    0.91375278    0.04960902
   -0.29351297   -0.36164599
   -0.31217892   -0.85970612
   -0.38127258    0.84161343
    0.62023989   -0.27773481
   -0.08173237    0.16548182
    0.74527928   -0.16017232
    0.00087560    0.49204121
   -0.06416393    0.78928516
    0.58218448   -0.25342641
    0.40841536    0.27317787
   -0.49665578   -0.73040500
    0.10233700   -0.31570663
    0.81205835    0.14426902
    0.64944580    0.72348805
    0.74124242   -0.22643241
    0.54433132    0.50711316
    0.51305238   -0.03878125
    0.55926015   -0.28162683
    0.88658039   -0.39360465
   -0.17428807   -0.38776426
   -0.05303652   -0.42334708
   -0.35920628    0.13640255
   -0.66023557   -0.16775549
   -0.76383192    0.05860576
    0.05866526   -0.87411349
    0.11312551   -0.87669217
    0.07411736   -0.83103023
   -0.11579739    0.93282275
    0.58700669    0.28146302
    0.57519191    0.25209090
    0.75769144    0.37050441
   -0.79712988    0.37431198
   -0.76788528    0.40642515
   -0.17917113   -0.25549633
   -0.40547644   -0.88140703
    0.24453098   -0.35785322
    0.26276072   -0.40090672
    0.49508207   -0.42596971
    0.94698846   -0.22030658
   -0.06122031    0.97306897
   -0.41283334   -0.15681819
    0.36676079    0.02569310
    0.20832472   -0.28028703
    0.24156029   -0.23612222
    0.23935120   -0.29856506
    0.35565575    0.62725966
   -0.36709914    0.90063615
    0.05214979   -0.25623043
    0.08814205   -0.21257389
    0.11352543   -0.24180135
    0.55158186   -0.49754540
   -0.34333163   -0.81087563
    0.54293287   -0.59182497
   -0.44207550    0.86220190
    0.68070114   -0.15617958
   -0.68076840    0.47702038
   -0.73574692    0.45111092
   -0.11547731   -0.40331094
    0.84088650   -0.25764989
    0.85518928   -0.20969154
    0.80033431   -0.22947902
   -0.48247176   -0.04444718
   -0.18415019   -0.57795596
    0.83071401    0.02946256
    0.84928726    0.06109760
    0.88354491    0.05354129
    0.22293359    0.94405859
    0.29621438   -0.56149498
   -0.59753847    0.20559738
   -0.64038282    0.16253924
    0.49724732    0.60507349
   -0.44746000    0.69027373
   -0.47125719    0.64070787
    0.39994089   -0.26248870
    0.60824224   -0.65854820
   -0.60498268    0.54354582
   -0.63677103    0.51397941
   -0.65959978    0.56316398
   -0.52767456    0.36293080
   -0.11858369    0.60760113
   -0.16940096    0.63422444
    0.85773383    0.18226118
    0.31316156    0.68411399
    0.36518512   -0.00445842
   -0.17111934   -0.95461733
   -0.16468913   -0.92450737
   -0.65899744   -0.57951450
   -0.87403536    0.26116853
    0.90422883   -0.17522641
   -0.06974310    0.42007029
    0.97075716   -0.05759688
   -0.32995661    0.86565863
   -0.37924646   -0.46042644
    0.20097045    0.71228126
   -0.42972316   -0.26790452
   -0.54284119    0.75713649
   -0.74177461    0.28211099
   -0.24804037   -0.12482033
   -0.31562619   -0.78454898
   -0.33676298   -0.90722214
   -0.45184894   -0.41704456
   -0.51749217   -0.69665077
   -0.74835473    0.54552527
   -0.49418270    0.52156340
    0.42705543   -0.72848697
   -0.21625895    0.88930212
    0.64022738    0.44538626
    0.68296036    0.40137239
   -0.22676183   -0.30301955
   -0.08334161    0.56658331
    0.57888011   -0.39166739
    0.66166716   -0.34619070
    0.01623004   -0.37605561
   -0.49430421    0.67180188
   -0.52668567   -0.81629286
   -0.67098224    0.51020608
    0.25795593    0.61161815
    0.47871392   -0.84899877
   -0.13068224   -0.47229164
   -0.18715420   -0.48291904
    0.36672454   -0.06524427
    0.33701815   -0.03886177
   -0.27628738   -0.15766034
   -0.30481238   -0.14315312
   -0.31704270   -0.20482724
   -0.31950725    0.19018835
    0.39117275   -0.57864364
   -0.08485331    0.68161989
   -0.88591451   -0.40720756
    0.71290727   -0.25746284
   -0.33293219   -0.17311040
    0.54345464   -0.16088149
    0.36600016   -0.21645905
    0.34668410   -0.26572091
    0.12170517    0.54593383
    0.34244705    0.15219296
    0.24590777   -0.90519486
    0.21629621   -0.88402788
    0.57918301   -0.11225579
    0.21445214   -0.00372586
    0.11388525   -0.79094203
    0.26883331   -0.85960032
    0.52748668   -0.68552284
    0.77712186    0.18500694
    0.77043556    0.12790832
    0.43888017   -0.37136293
    0.55650638    0.00896264
    0.18954067    0.42032098
    0.40290474    0.24365721
   -0.34497003   -0.29755270
   -0.96042967   -0.17429229
   -0.41612578    0.47411232
    0.26455471    0.31463974
    0.31279160    0.46345260
   -0.53846961    0.80753278
    0.76318636   -0.49254745
   -0.05028770    0.45409340
    0.07302286   -0.97011338
    0.10327880   -0.96476705
   -0.18421836    0.16667063
    0.87369607   -0.03465566
    0.19019684   -0.63168128
    0.15808836   -0.61006415
   -0.19168343    0.55896679
   -0.17603849   -0.32753780
   -0.06297956    0.66158085
   -0.75076670   -0.03107777
    0.23734270    0.87092427
   -0.29593617    0.38152489
   -0.24365418    0.35620316
   -0.26222138    0.40349372
    0.77473674   -0.07372568
    0.06685725    0.85549482
   -0.56319747   -0.25155837
    0.23457905   -0.71138184
    0.18209126   -0.72852703
    0.34597329   -0.86039567
    0.17314121   -0.55410139
    0.74630863   -0.05185020
    0.74856151    0.00110076
   -0.81049077   -0.00608689
    0.47530797    0.47296171
    0.17949268    0.95754572
    0.49961549   -0.48860955
    0.49507441   -0.52679693
    0.87048117    0.28651858
    0.86854953    0.32898607
   -0.02947794   -0.35323269
    0.29592582    0.28306392
    0.32613177    0.24584909
    0.21403963   -0.40796396
    0.20658971   -0.37931895
   -0.13410790   -0.87224485
   -0.10102050   -0.85144656
   -0.12573226   -0.81250912
    0.11168870   -0.45879267
    0.72418879   -0.56582688
    0.69871852   -0.61161615
    0.43059305    0.75304193
   -0.95145482   -0.21097269
    0.01683233    0.92723286
    0.43825434   -0.23260571
    0.43270554   -0.17138032
    0.40329722   -0.18086213
   -0.67719115   -0.33461178
   -0.66351103   -0.28803774
   -0.70761425   -0.28401352
   -0.44149699    0.54523412
   -0.16512167    0.90670970
    0.75002292    0.61465652
    0.19693924   -0.22346293
   -0.25642605    0.11081517
   -0.19671015    0.10361165
    0.74069515    0.55591839
    0.77216947    0.51487179
    0.08138175    0.93631357
    0.06304067    0.91303055
    0.21165132   -0.04942870
   -0.22107230   -0.58873385
   -0.16500308    0.21067674
   -0.75299536   -0.00143080
   -0.23443470   -0.54576178
    0.52746982   -0.09218562
   -0.45882353    0.71728338
    0.13283717   -0.64546459
    0.46121353   -0.26216347
    0.82898798   -0.09889427
    0.28584633    0.36110783
   -0.90848509    0.00285606
    0.16691591   -0.86064195
    0.41587635    0.33189581
   -0.82387916   -0.07188255
    0.82088842   -0.29567880
    0.82608844   -0.44246915
    0.19233542   -0.90087046
   -0.51800572    0.04408009
   -0.35900994   -0.58546655
   -0.38693626   -0.60083055
   -0.35650409   -0.55491685
    0.14200949    0.07626638
    0.70697226   -0.37721610
    0.69932828   -0.32232325
    0.08987884   -0.02058813
   -0.96149564   -0.14484399
    0.28933372    0.02957732
    0.24149322    0.02415039
    0.32273516    0.86674388
    0.32255844    0.91820681
   -0.50031964    0.43383650
    0.00930381    0.88556640
    0.44102097    0.79524361
    0.38156743    0.18866474
   -0.66765636   -0.42862305
   -0.57802121    0.57296183
    0.59768885   -0.42924648
    0.06750229   -0.28906338
   -0.18238583   -0.79745121
   -0.31215736   -0.04872602
   -0.88251097    0.28909415
   -0.17017454    0.47773848
   -0.53960813   -0.74935721
    0.26701848    0.24116306
    0.51995564   -0.46545896
   -0.77378843   -0.04891539
    0.23456339   -0.79056049
    0.16846935   -0.04328024
   -0.34327228    0.54480648
    0.62041491    0.58542194
    0.94144587    0.25982255
    0.59505227    0.63735896
    0.74022566    0.31914579
    0.22503084   -0.17168971
    0.04363801   -0.39343814
    0.91964028   -0.32320903
   -0.05997712    0.72816284
    0.19835505    0.37559857
    0.91027787    0.17959103
   -0.84300046   -0.11277665
   -0.41077396    0.74096974
   -0.38515964    0.78680907
    0.39981457    0.16574620
    0.02811519    0.77341896
   -0.07440345   -0.54958224
    0.36072656   -0.61667732
   -0.09971789   -0.01092442
   -0.12856580   -0.01880106
    0.38068101   -0.47464073
    0.55221518   -0.22294505
    0.78892448    0.24280227
   -0.32303828   -0.31651525
   -0.84355902   -0.35546954
   -0.38878276   -0.09571977
   -0.35936861   -0.12823552
    0.23662753    0.45886124
   -0.53670507    0.12943977
   -0.53391553    0.08551073
   -0.48946385    0.09763684
   -0.49490042    0.01048347
   -0.47954572    0.06631143
   -0.22574703    0.65749675
    0.50928255    0.66466568
    0.53967891    0.62742225
    0.56681657    0.66558602
    0.44030202    0.64048370
    0.41190807    0.64804785
   -0.41925132   -0.70561218
   -0.55327317    0.46492491
   -0.26292646    0.28029651
   -0.69485673    0.43460305
   -0.68555555    0.40603968
   -0.44258725   -0.83776395
    0.44648232   -0.08020878
    0.64054331   -0.24081393
   -0.45138214   -0.12031782
   -0.12387274    0.66649491
   -0.44751105   -0.01850618
    0.56921164   -0.57782129
   -0.63283775    0.43911099
    0.00074260   -0.97284954
   -0.39164223    0.23487833
   -0.55378584   -0.65050623
   -0.22561872    0.13882938
    0.08074672   -0.77709688
    0.12352102   -0.73678941
    0.25044808    0.83481847
    0.51015880    0.47159492
   -0.33102710   -0.54031368
   -0.42264186    0.03172060
   -0.43660634    0.07560791
    0.30361073   -0.35274545
    0.35836372   -0.55830485
    0.59648268    0.53687393
    0.41909880   -0.47540367
   -0.12849081   -0.53207821
   -0.09218887   -0.50244569
    0.48769341   -0.15589536
    0.50766565   -0.19635448
   -0.45783804    0.42982397
   -0.74875731    0.08297845
    0.10068023   -0.92148125
    0.15204719    0.74417945
   -0.08187082   -0.27451527
    0.64218472    0.27031516
   -0.24842964   -0.67852634
   -0.02124676    0.39130405
   -0.50926762    0.29775904
   -0.42537216   -0.06913342
    0.05634961    0.39523997
    0.92128867   -0.11475190
   -0.12885936   -0.56888716
   -0.13987085   -0.61567788
   -0.09986889   -0.61826697
    0.21589529   -0.48463525
    0.83034522    0.43411691
    0.75308877    0.15586805
   -0.18072994   -0.54961595
   -0.48603802   -0.56682866
   -0.44408677   -0.52962521
   -0.47322276   -0.51354405
    0.64656327    0.31511050
   -0.71463232   -0.66093582
   -0.66269471   -0.63658066
   -0.91363466    0.34289282
   -0.86419015    0.31256374
   -0.55708938    0.21106759
   -0.55109124    0.17033783
   -0.50869114    0.18158193
    0.05117180   -0.48759169
    0.47050880   -0.68324741
    0.40601214   -0.78120299
    0.51377834   -0.54908255
   -0.41877097   -0.49904335
    0.19237031    0.04869673
    0.19021936    0.08777765
   -0.39670044    0.52764335
    0.79766954   -0.17167357
    0.80117832   -0.11934425
    0.82065947   -0.06938884
   -0.18507070   -0.72674069
   -0.66908364    0.68217408
    0.48079113    0.11771057
   -0.28264579    0.80070339
   -0.30895122    0.83644756
   -0.70774271    0.58434021
   -0.76030481    0.60804741
   -0.15898994    0.42073062
    0.17329719   -0.00472214
    0.56221525    0.45912384
    0.60429200    0.45073966
    0.59316145    0.41160782
   -0.86272716    0.06217427
   -0.88841685    0.04935842
   -0.84084792    0.04391724
    0.45028509   -0.63765262
    0.62641768   -0.42860898
   -0.63862541    0.73102051
    0.75242549    0.21475526
   -0.27563903   -0.18624981
   -0.63606089   -0.22490918
    0.71615482   -0.13138578
   -0.27263256    0.85611657
    0.14547231   -0.22650821
    0.37177673    0.77586918
    0.06696532    0.27121174
    0.09932775    0.31524537
    0.05197823    0.31462891
    0.58574756    0.77470311
    0.40346011   -0.88115184
    0.46441190   -0.35309066
   -0.55628035    0.00928073
   -0.12567188   -0.09836212
   -0.41618608    0.58083709
    0.28307638   -0.01819152
   -0.93145470    0.05378093
   -0.92714964    0.10632418
   -0.90733312   -0.12935999
   -0.90349874   -0.16023802
   -0.74438009   -0.38917918
    0.23117821    0.09212482
    0.86805995    0.36838145
   -0.04716926    0.20282067
   -0.15956491    0.04622747
    0.54173370   -0.41403153
    0.53942562    0.29970311
   -0.02285608    0.26422184
   -0.80914767    0.23236691
    0.73661168   -0.40306993
    0.38723324    0.33408101
    0.36767518    0.23580164
    0.35046679    0.26181125
   -0.61564703   -0.04383657
    0.27184334    0.55372067
   -0.46775776   -0.14316553
    0.11849304    0.63898329
   -0.01347128   -0.05667975
   -0.61700480   -0.18183601
   -0.56087812    0.25105344
    0.14728564   -0.70086709
    0.11358632   -0.67949073
    0.16795570   -0.66672673
   -0.11511494   -0.25634360
    0.67765465    0.26602327
    0.69176759    0.21203925
    0.01039811    0.28970876
    0.81635255    0.21304764
   -0.12144770    0.03931233
   -0.15078757    0.08802191
   -0.59350593   -0.47244587
   -0.61541793   -0.50786774
   -0.63627409    0.04606178
   -0.59635153    0.00606740
    0.01274351    0.34431649
   -0.70507756   -0.13290308
    0.60785015   -0.06313718
   -0.01825162    0.94011775
    0.77646873   -0.53940327
    0.86216858   -0.18234085
   -0.73663251    0.13377670
    0.68828987   -0.05318620
    0.60489953   -0.01720671
    0.66111000   -0.02556413
   -0.22339071    0.26912380
    0.84630143    0.23832777
   -0.11035795    0.07644719
   -0.49216187    0.78994074
   -0.29915381   -0.49287773
   -0.33063920   -0.49386106
    0.58500748    0.37085082
    0.10341700    0.70970905
    0.76189640    0.27052328
   -0.93944566   -0.25103908
   -0.79245966    0.01647629
   -0.00963515   -0.11923731
   -0.21485432   -0.48272031
    0.12724514    0.20447310
   -0.19689520    0.80614519
    0.13682292   -0.33992883
    0.13932359   -0.28427828
   -0.00287404    0.12195064
    0.75150149   -0.57189024
   -0.57808230    0.05820443
   -0.29361562   -0.83897361
   -0.23070687    0.77769226
   -0.17330307    0.77879437
   -0.71314721    0.18313999
    0.16840928   -0.17806257
    0.04999766    0.83286176
   -0.50901841   -0.39911292
   -0.48662936    0.84350450
   -0.20292922   -0.15763730
   -0.41189789   -0.75560564
    0.03284224   -0.62108116
   -0.51733407   -0.34696861
   -0.64125742    0.13258893
   -0.62811279    0.10234520
   -0.26736477    0.71389130
   -0.30489834    0.73018136
    0.34256943   -0.50319887
   -0.18915699   -0.63188664
   -0.32076147    0.32499504
    0.19019437   -0.46297658
    0.29892283    0.63811480
    0.32016886    0.62016770
   -0.30562662    0.24464416
   -0.35134250    0.39423746
   -0.76372963    0.25972474
   -0.43310509   -0.87562808
    0.24311989   -0.74007225
    0.21522313   -0.24398553
    0.69622690    0.63260464
   -0.87260849   -0.43969447
    0.63513805    0.40433288
    0.59629422   -0.61428060
    0.57884529    0.33872680
    0.64000513    0.62524083
    0.05544799   -0.71109045
    0.93080916   -0.15827252
   -0.32978211   -0.61727540
   -0.71699171    0.65259562
    0.62589046    0.36677319
    0.62002951    0.32402600
    0.66610752    0.35314945
    0.97228933   -0.02240999
   -0.45871605   -0.56873230
    0.33635494    0.33697339
    0.31049562    0.38201227
    0.20782497   -0.08437516
   -0.72309225    0.48676998
    0.28014762    0.11895747
    0.28199344    0.07998185
    0.36368452   -0.11529174
    0.87976353    0.41969556
   -0.88322067   -0.32591596
   -0.63586304    0.00045277
   -0.18626079    0.75169356
   -0.00285544    0.43716828
   -0.01636405    0.46102706
   -0.80417567   -0.04152510
   -0.82046554   -0.43656380
   -0.83614547   -0.40182755
    0.00854129   -0.31315182
    0.15635581   -0.95970459
    0.54010141    0.38181700
   -0.57559911   -0.11605211
   -0.56549628   -0.16698395
   -0.60345320   -0.15706333
    0.07464605   -0.65733643
    0.02605999   -0.65765005
   -0.01236265   -0.93696640
   -0.08133970    0.53817874
    0.17925694    0.87486123
   -0.81306335    0.18199036
   -0.01650031   -0.85030026
    0.01066308   -0.85562014
   -0.64723532   -0.08547394
    0.42701775    0.00393148
    0.41557694    0.09291189
    0.44421951    0.07837363
    0.40530045    0.04278681
    0.69515520    0.34296788
    0.72402487    0.29642251
   -0.27786871   -0.02368719
    0.62468818    0.00223666
    0.07831147   -0.48878502
    0.50793618    0.42423310
    0.13913786    0.23469893
    0.31674394   -0.81189113
   -0.72161209   -0.03973927
   -0.70666813    0.01002785
   -0.44394631    0.63016075
   -0.69296383    0.32402512
   -0.11919053   -0.12900039
   -0.50124292    0.14159384
   -0.79660991   -0.20683578
   -0.82924181   -0.16486151
   -0.82137613   -0.21820256
    0.16775610   -0.08451150
    0.16645885   -0.12428128
   -0.23524392    0.53174159
   -0.37249362   -0.79533026
   -0.37056351   -0.76660647
   -0.84751558    0.10241492
   -0.84981697    0.15775988
   -0.80686814    0.07408379
   -0.78909436    0.11033068
    0.12736095    0.15767117
    0.35499265    0.57777487
    0.31362405    0.58894485
    0.18333655    0.21924397
   -0.65906300    0.46076648
   -0.74223983    0.41743438
    0.20150307   -0.51683338
    0.16648815   -0.47620758
   -0.42246729   -0.79475840
    0.48807746    0.14401259
    0.71635730    0.58869734
   -0.97235826   -0.06183558
   -0.76792810   -0.24618101
   -0.00155806   -0.44536405
   -0.13469950   -0.29375245
   -0.58091214    0.36476833
   -0.45587828   -0.18141366
   -0.96957049    0.14021081
    0.74613218   -0.47162775
    0.40559127   -0.10149679
    0.45114560   -0.12611042
   -0.78935479   -0.09647820
    0.30662751   -0.38079697
   -0.71415790    0.08145521
    0.52395727   -0.25100690
   -0.46425934   -0.86273842
   -0.18465800   -0.01978745
    0.30755682   -0.06269969
   -0.90700603   -0.02406885
   -0.22595748    0.19548897
   -0.25037174    0.22812804
    0.16362227    0.53671731
    0.42152891    0.37660952
    0.37838261    0.37585639
   -0.35582246    0.48044240
   -0.38592816   -0.15693036
   -0.66579639   -0.71124504
   -0.24979786    0.16791684
   -0.25193535   -0.93868654
    0.82714063    0.40741693
    0.87228767   -0.34276318
    0.75455124   -0.43831905
   -0.30949515    0.14151537
    0.36936157    0.68299190
   -0.43147241    0.37035004
    0.13918957   -0.88314141
   -0.81585261    0.47328116
    0.13082706   -0.43843947
    0.35297030   -0.09045049
   -0.38545132    0.74981013
    0.61557511   -0.34754980
    0.02930253   -0.19798027
    0.54204146   -0.03982649
    0.18248994   -0.36703262
    0.48079650    0.76159606
   -0.88898297    0.39988229
   -0.31733794    0.64216598
   -0.44627942   -0.34619316
    0.63294896   -0.05170151
    0.12323748    0.69094097
    0.28380652    0.46919197
   -0.14189294   -0.75738883
   -0.52152388    0.66389580
   -0.56693279    0.65397056
    0.74933763   -0.51643541
   -0.63072568   -0.36831501
   -0.23719648    0.45554363
    0.49931153    0.33748869
    0.46524245    0.34034260
    0.50190643    0.37923334
    0.84134775   -0.49238784
    0.79908411   -0.45932017
   -0.06559849    0.92523089
   -0.11246436    0.51980446
   -0.45448764    0.40327440
   -0.27898741   -0.76311221
   -0.48846942    0.61976494
    0.28647367    0.87684095
   -0.09864787   -0.90735378
   -0.88074576   -0.21400528
   -0.89106346   -0.26841743
   -0.85453192   -0.24011544
   -0.48323804   -0.22766357
   -0.48434604   -0.27233982
   -0.52418106   -0.25973901
    0.14779674   -0.38699421
    0.11141260   -0.40101342
    0.11728858   -0.26835470
   -0.18973497   -0.30466184
    0.10450137    0.60121509
    0.70507586   -0.43528315
    0.68351625   -0.41860418
    0.65783198   -0.45341349
   -0.13279446    0.16140008
   -0.14507652    0.12494149
   -0.10116655    0.11816765
    0.16218236    0.66478860
   -0.05260642   -0.20990087
   -0.16827600    0.81449814
    0.02017920   -0.88125678
   -0.62171577    0.49144852
    0.53779037    0.34007618
   -0.63680893    0.25116516
   -0.35195150    0.73167491
    0.09608915    0.55381524
   -0.74989495   -0.62222033
    0.40353956   -0.34397591
   -0.00019185   -0.07965323
    0.87225536    0.20550770
    0.42167616    0.41528320
   -0.39358465   -0.83980995
   -0.05937423   -0.52694233
   -0.14904487   -0.00188855
   -0.35468874    0.25974699
    0.15571203   -0.83626339
    0.12901511   -0.82914835
   -0.22740392   -0.94883364
    0.50884092   -0.78583659
   -0.20359525   -0.53561700
    0.93978882    0.05953442
    0.02736162    0.48484268
    0.09872042    0.43059499
    0.06420432    0.43689298
    0.02688164    0.44163706
    0.06935142    0.47486181
    0.47128843   -0.81039754
    0.42800901   -0.83354640
    0.31963764   -0.19181004
    0.34654306   -0.19183081
    0.17169512   -0.23461452
    0.61848318    0.68741330
   -0.51462661    0.50465826
   -0.74638253    0.57239395
    0.02981287    0.39774092
   -0.00292553    0.36565024
   -0.24768127   -0.24997506
   -0.62249236    0.56845287
   -0.59402300    0.61219590
   -0.75381051   -0.49076595
    0.57543834   -0.71635389
   -0.00116172   -0.26145823
    0.01266822   -0.02357379
    0.04267294   -0.04140364
    0.87186270   -0.08929690
   -0.55355757   -0.69988782
   -0.12520872    0.90768897
    0.01340023    0.03832288
    0.62948478    0.74160812
    0.72567584   -0.65713271
   -0.69414107    0.56156033
    0.48884947   -0.21488452
   -0.79841477   -0.29553637
   -0.81304532   -0.26995781
   -0.02890787   -0.89407782
   -0.03130566    0.70513643
    0.70311914   -0.58445721
    0.38916300   -0.05011252
    0.39998444   -0.07557142
    0.44251831   -0.05387653
    0.16217827    0.79255396
    0.85050232    0.48765066
    0.38280973   -0.89953058
    0.38501380   -0.85048407
    0.06552942   -0.74652122
   -0.77518765   -0.52930804
   -0.29917508   -0.69780452
   -0.38998930    0.09123113
   -0.32810077   -0.34281120
   -0.22996018   -0.51967867
    0.09381208    0.20691811
    0.45448794   -0.86145368
   -0.54100871   -0.42601501
   -0.56187334   -0.44406139
    0.78867462   -0.48407913
    0.67968624    0.43900346
    0.70342327    0.45177246
   -0.15381785   -0.14347410
   -0.14280220   -0.17887826
    0.01875803    0.61554759
   -0.96949206    0.09738689
    0.63155390   -0.57742486
   -0.73096080    0.22759189
    0.51942383    0.21867346
   -0.51921037    0.21551533
   -0.58546857   -0.23696517
   -0.80178520    0.56082040
   -0.54584838   -0.07819774
    0.42957572    0.52644088
    0.34797711    0.46031849
    0.38457425    0.49811229
    0.68219086   -0.53452844
    0.93649678   -0.06302942
   -0.14928816   -0.70844640
   -0.55020388   -0.30170106
    0.39344654   -0.20787863
    0.65087406   -0.29622788
   -0.06724168    0.81685595
   -0.31493919    0.42494863
   -0.55784601    0.73228997
   -0.58860091    0.73101549
   -0.58541032    0.77905266
   -0.28755400   -0.92798610
   -0.27393910   -0.88894588
   -0.73732259    0.17263731
   -0.69177433    0.14885241
   -0.00560554   -0.54044914
    0.65666999   -0.07930505
   -0.60754263   -0.63891878
    0.02410168    0.11700588
   -0.04190188    0.54050454
   -0.67290293   -0.66776545
   -0.63953263   -0.66230572
   -0.62927422   -0.69558237
    0.29050915   -0.10518433
    0.25902881   -0.06822480
    0.32618903   -0.01471245
    0.10882438   -0.84582927
   -0.49451954   -0.33424827
    0.06392584   -0.01777881
    0.04113623   -0.51300380
    0.09593196   -0.51498211
   -0.47358558   -0.01989431
    0.79432639   -0.30945812
   -0.59546949    0.44861536
   -0.32279884    0.56159311
   -0.15610971   -0.83733719
    0.48091770   -0.40405622
   -0.30434216   -0.11558002
   -0.45864274    0.14214992
   -0.30619942    0.11336828
   -0.60870740   -0.28268252
   -0.51835621    0.74668300
   -0.55987639    0.07924485
   -0.47112462    0.18562508
   -0.85408645    0.37953691
   -0.46890649    0.58411270
    0.35729985    0.49709659
    0.63471879   -0.65809497
    0.23770732   -0.44804765
    0.26935537   -0.47403076
    0.32365882   -0.91949655
    0.32109209    0.50547121
   -0.21010182    0.24567910
    0.46137989   -0.56797405
    0.40978377   -0.55874194
    0.41643424   -0.58519319
    0.51760332   -0.57549005
    0.41790487   -0.80959168
    0.39854521   -0.52589965
   -0.21153008    0.41676285
   -0.03141154    0.03108492
   -0.36031501   -0.65124946
   -0.24117111    0.87751846
   -0.84663736   -0.05836088
    0.43119198    0.44023490
   -0.55315775   -0.13877470
   -0.49957181   -0.13733670
   -0.29352989   -0.27547273
   -0.31858089   -0.26143528
   -0.44031267   -0.65109862
    0.34862093    0.42053628
    0.38546314    0.41856915
    0.38740887    0.45501044
   -0.81376773    0.32781130
   -0.78405176   -0.47623141
    0.27895721    0.50703404
    0.24162116    0.54310528
    0.24530262    0.50521554
    0.57474331    0.55322876
    0.86097201   -0.38922980
   -0.64973855   -0.13569366
    0.14357050   -0.92590295
   -0.11371364   -0.45065455
   -0.13835344   -0.41586901
   -0.62414230   -0.55934088
   -0.63457383   -0.61043715
    0.38421959   -0.16334709
   -0.25016230    0.81518206
   -0.49843023   -0.78078637
   -0.47180130   -0.80746431
   -0.50002122   -0.83510018
    0.70696629   -0.50306135
    0.03402443   -0.11873238
   -0.78867424    0.42999036
    0.16872911    0.33366584
   -0.22458018   -0.01383001
   -0.85196097   -0.14690299
    0.79481807   -0.34136075
    0.83493204   -0.34203466
   -0.44219486    0.74024856
    0.38425087   -0.39270360
   -0.37321073   -0.20665213
    0.88163744    0.00183575
    0.10552338   -0.55657100
   -0.78328532    0.22844059
   -0.45340839   -0.22344097
   -0.40625388   -0.24498742
    0.46106016    0.38088963
    0.35753664    0.54055111
   -0.88523738   -0.08363611
   -0.22246758    0.01937966
   -0.46744411    0.67231910
    0.54118770   -0.35336604
    0.76595544   -0.38465713
    0.20336936    0.50700141
   -0.21315318   -0.35053849
    0.86755084   -0.26401255
   -0.13651659   -0.04824624
   -0.59680145   -0.76898843
   -0.62302912   -0.40230154
   -0.10559702    0.44875743
    0.26943803   -0.91779358
   -0.06780328    0.11050891
   -0.04598598    0.13888981
   -0.46103853    0.49901223
   -0.70710978    0.05647830
    0.37226165   -0.27286893
   -0.15596996    0.72795601
   -0.31346618    0.88614473
    0.54832154    0.06324928
    0.56931045    0.04752214
    0.49507605   -0.37798265
   -0.66644623   -0.37474823
    0.87460743    0.26112356
    0.89665553    0.28382765
    0.89925664    0.23261094
   -0.09378204    0.62359341
   -0.74794276   -0.57382174
   -0.35292964    0.11123848
   -0.28322622   -0.23741373
   -0.08905046    0.47308198
   -0.26252133   -0.55170625
    0.70870080   -0.20141666
   -0.29133215   -0.20670149
   -0.14427403    0.47676461
    0.63467703   -0.12008767
    0.62207146   -0.14486080
    0.35089309    0.08964130
   -0.36648841   -0.18188717
    0.79778311    0.51597091
   -0.51713527   -0.03732801
   -0.55588841   -0.02921780
   -0.44545982    0.01992980
    0.18214591   -0.96269717
    0.32088246   -0.48898884
   -0.29049041    0.53245971
   -0.33824204    0.51968634
    0.29738475   -0.89115601
   -0.02545856    0.16883468
    0.67596815   -0.29086686
    0.67841486   -0.63092983
    0.07380344    0.03264075
    0.64610882   -0.38836449
    0.05005092    0.37021284
   -0.20957597   -0.10920086
   -0.08771753   -0.05881226
    0.04527512    0.65662754
    0.83125628   -0.19925933
    0.24108671    0.39392931
   -0.19679586   -0.40008587
   -0.05568670    0.36882965
    0.31057135   -0.53984783
   -0.42565346    0.20457582
   -0.44649945    0.22926515
   -0.40936377    0.25443225
    0.46106662   -0.03600035
    0.46988089   -0.00046777
   -0.74210602   -0.12244901
   -0.39003386   -0.51884908
   -0.35522583   -0.50123548
    0.19873887    0.84367119
   -0.73020017    0.32772030
    0.95748732   -0.19670816
   -0.65912779    0.53382599
   -0.70835384    0.52503337
    0.59634033   -0.14381911
   -0.34816918   -0.35988476
   -0.96274953    0.17101313
   -0.38802277    0.43743736
   -0.35367034    0.16126215
   -0.15890946    0.57735340
   -0.68512110   -0.07225159
    0.27692654    0.75560277
    0.45196929   -0.18965287
    0.16477948   -0.50161388
    0.05638221   -0.60987524
    0.06621836   -0.58492315
   -0.31017209    0.78219963
   -0.63376685   -0.74492864
   -0.38064729   -0.67700806
    0.19203021    0.01247773
    0.00515838    0.83550013
    0.54866739   -0.75053080
    0.51590822   -0.74019216
   -0.28069940   -0.52060286
    0.59409576    0.72658977
    0.57329249   -0.48047572
    0.55080649   -0.44025095
    0.78240436    0.31713018
   -0.73115673   -0.29364159
    0.29686024   -0.49777426
   -0.07505816   -0.48325419
   -0.02962593   -0.49259624
   -0.32425265   -0.09903334
   -0.83302712    0.30360774
   -0.78141452    0.30949538
   -0.79889960    0.27752495
    0.02637672   -0.15879354
    0.61244242    0.19429021
   -0.22220113    0.36984136
   -0.88946768    0.02012358
   -0.06623607    0.58644315
   -0.02884079    0.57652698
   -0.39659242    0.69920170
    0.41580769   -0.12563296
    0.33414448   -0.24259747
    0.22279791    0.80529920
    0.19849860    0.76853877
    0.22621738    0.75509932
    0.68399479    0.03111068
    0.05771172   -0.34221876
   -0.26408937   -0.28837323
   -0.23166165    0.31912260
   -0.16093440    0.33566908
   -0.19875925    0.32430557
   -0.33605331   -0.22340894
   -0.62193254   -0.44893746
   -0.10696269    0.57803078
   -0.48970911   -0.41700959
   -0.92822803   -0.11353759
    0.22701116    0.18685127
   -0.14274476    0.02518891
   -0.16120961   -0.27509001
   -0.15203402   -0.22841216
   -0.66015886    0.07957821
   -0.75970158   -0.40947501
   -0.79820878   -0.38518994
   -0.26338779   -0.10336224
    0.60876214   -0.30031304
   -0.28301763    0.67652309
   -0.32437490    0.69068064
    0.49853819   -0.28416382
    0.65671086    0.21886762
    0.35330882   -0.16729785
    0.54086735    0.57859207
    0.55454639    0.60172674
   -0.22282824    0.63152867
    0.59565315    0.56738226
    0.59607775    0.59355692
   -0.08693858   -0.44999438
   -0.07304983   -0.40797759
   -0.40925411    0.12446888
   -0.44139886    0.10617732
   -0.85572329   -0.29587113
    0.56105338   -0.63197818
    0.35231172   -0.35316022
    0.09917966    0.39492638
    0.14351801    0.33415836
    0.20916259   -0.61449361
    0.02319894   -0.92375067
   -0.56394388   -0.05967373
    0.17429016    0.57140734
   -0.55186667    0.03413830
    0.48544024    0.06871817
    0.37519282   -0.70377956
    0.28946268    0.69575026
   -0.21299548    0.83548811
    0.30666903   -0.15031187
   -0.42181002    0.87888183
    0.46158202    0.30242249
    0.45207301    0.26619048
    0.48815774    0.25977179
   -0.77546601    0.47473801
   -0.85518445    0.20695718
    0.14619653    0.76876831
   -0.33749850   -0.04980629
    0.14944767    0.00357968
   -0.38471383   -0.62591127
   -0.17105261    0.25805385
   -0.12955448    0.22947319
   -0.14490064    0.26611888
    0.48250211    0.42427272
   -0.38252020   -0.54365165
    0.13694027    0.58141922
   -0.03233271    0.31360885
   -0.61122561    0.08351408
    0.48727614   -0.61535120
    0.25160038    0.71431986
    0.56677861    0.29766096
    0.09923605    0.82878754
    0.08050035    0.79599170
   -0.58079211    0.50625361
   -0.00729237    0.02404427
   -0.00295026    0.07274139
   -0.61468738    0.64571357
   -0.15709596   -0.36809695
   -0.78654604    0.51806269
   -0.19527710    0.95833806
   -0.88194102    0.13394778
