    0.0000000000000000e+00
    0.0000000000000000e+00
    0.0000000000000000e+00
    0.0000000000000000e+00
    0.0000000000000000e+00
    0.0000000000000000e+00
    0.0000000000000000e+00
    0.0000000000000000e+00
    0.0000000000000000e+00
    0.0000000000000000e+00
    0.0000000000000000e+00
    0.0000000000000000e+00
    0.0000000000000000e+00
    0.0000000000000000e+00
    0.0000000000000000e+00
   -0.0000000000000000e+00
   -0.0000000000000000e+00
   -0.0000000000000000e+00
   -0.0000000000000000e+00
   -0.0000000000000000e+00
   -0.0000000000000000e+00
   -0.0000000000000000e+00
   -0.0000000000000000e+00
   -0.0000000000000000e+00
   -0.0000000000000000e+00
   -0.0000000000000000e+00
   -0.0000000000000000e+00
   -0.0000000000000000e+00
   -0.0000000000000000e+00
   -0.0000000000000000e+00
    2.1497044021102407e-01
    2.1371027427996087e-01
    2.0994455078013230e-01
    2.0371741937654000e-01
    1.9510188749137056e-01
    1.8419896435872168e-01
    1.7113647678368596e-01
    1.5606757048993442e-01
    1.3916891462612890e-01
    1.2063863048168405e-01
    1.0069396869579325e-01
    7.9568762192317843e-02
    5.7510684702550503e-02
    3.4778347017166235e-02
    1.1638265011151614e-02
   -1.1638265011151587e-02
   -3.4778347017166214e-02
   -5.7510684702550434e-02
   -7.9568762192317816e-02
   -1.0069396869579322e-01
   -1.2063863048168405e-01
   -1.3916891462612890e-01
   -1.5606757048993436e-01
   -1.7113647678368596e-01
   -1.8419896435872163e-01
   -1.9510188749137053e-01
   -2.0371741937653998e-01
   -2.0994455078013230e-01
   -2.1371027427996087e-01
   -2.1497044021102407e-01
    4.1988910156026460e-01
    4.1742769365650090e-01
    4.1007232770239460e-01
    3.9790923863868255e-01
    3.8108102756381823e-01
    3.5978498986647445e-01
    3.3427080211749943e-01
    3.0483759484040573e-01
    2.7183044547947921e-01
    2.3563633268225218e-01
    1.9667959932867937e-01
    1.5541697749885039e-01
    1.1233223370694491e-01
    6.7930497181166255e-02
    2.2732337685384296e-02
   -2.2732337685384244e-02
   -6.7930497181166213e-02
   -1.1233223370694477e-01
   -1.5541697749885033e-01
   -1.9667959932867932e-01
   -2.3563633268225218e-01
   -2.7183044547947921e-01
   -3.0483759484040562e-01
   -3.3427080211749943e-01
   -3.5978498986647434e-01
   -3.8108102756381818e-01
   -3.9790923863868249e-01
   -4.1007232770239460e-01
   -4.1742769365650090e-01
   -4.1988910156026460e-01
    6.0517421519376513e-01
    6.0162665801522253e-01
    5.9102557834395042e-01
    5.7349526414643526e-01
    5.4924124232852345e-01
    5.1854786912036654e-01
    4.8177499625961145e-01
    4.3935375205879218e-01
    3.9178148682004993e-01
    3.3961594185757188e-01
    2.8346871049063077e-01
    2.2399806767110073e-01
    1.6190125231151323e-01
    9.7906292796299879e-02
    3.2763471514627093e-02
   -3.2763471514627017e-02
   -9.7906292796299810e-02
   -1.6190125231151303e-01
   -2.2399806767110064e-01
   -2.8346871049063072e-01
   -3.3961594185757188e-01
   -3.9178148682004993e-01
   -4.3935375205879201e-01
   -4.8177499625961145e-01
   -5.1854786912036643e-01
   -5.4924124232852334e-01
   -5.7349526414643515e-01
   -5.9102557834395042e-01
   -6.0162665801522253e-01
   -6.0517421519376513e-01
    7.6216205512763646e-01
    7.5769422850515689e-01
    7.4434312981989403e-01
    7.2226528849690663e-01
    6.9171954703974370e-01
    6.5306402633875305e-01
    6.0675192703107395e-01
    5.5332621613753286e-01
    4.9341326127076313e-01
    4.2771548704764051e-01
    3.5700313980288367e-01
    2.8210525715502166e-01
    2.0389994829831312e-01
    1.2330409897530745e-01
    4.1262621829829128e-02
   -4.1262621829829031e-02
   -1.2330409897530736e-01
   -2.0389994829831284e-01
   -2.8210525715502155e-01
   -3.5700313980288362e-01
   -4.2771548704764051e-01
   -4.9341326127076313e-01
   -5.5332621613753263e-01
   -6.0675192703107395e-01
   -6.5306402633875293e-01
   -6.9171954703974370e-01
   -7.2226528849690652e-01
   -7.4434312981989403e-01
   -7.5769422850515689e-01
   -7.6216205512763646e-01
    8.8351204444602294e-01
    8.7833285898684099e-01
    8.6285602382342974e-01
    8.3726299069747478e-01
    8.0185381452244453e-01
    7.5704363551407283e-01
    7.0335781205089543e-01
    6.4142576132760143e-01
    5.7197358001390786e-01
    4.9581553143498225e-01
    4.1384449907844528e-01
    3.2702151835184756e-01
    2.3636450932119976e-01
    1.4293634252889270e-01
    4.7832377808378658e-02
   -4.7832377808378547e-02
   -1.4293634252889262e-01
   -2.3636450932119946e-01
   -3.2702151835184745e-01
   -4.1384449907844517e-01
   -4.9581553143498225e-01
   -5.7197358001390786e-01
   -6.4142576132760132e-01
   -7.0335781205089543e-01
   -7.5704363551407261e-01
   -8.0185381452244442e-01
   -8.3726299069747467e-01
   -8.6285602382342974e-01
   -8.7833285898684099e-01
   -8.8351204444602294e-01
    9.6354999251922291e-01
    9.5790162117915878e-01
    9.4102272914857332e-01
    9.1311120600400719e-01
    8.7449428883458125e-01
    8.2562472568632306e-01
    7.6707546750527822e-01
    6.9953295081152223e-01
    6.2378904985857764e-01
    5.4073179263180815e-01
    4.5133494953222369e-01
    3.5664661680885362e-01
    2.5777692858851103e-01
    1.5588504156816152e-01
    5.2165544962478029e-02
   -5.2165544962477911e-02
   -1.5588504156816141e-01
   -2.5777692858851070e-01
   -3.5664661680885351e-01
   -4.5133494953222358e-01
   -5.4073179263180815e-01
   -6.2378904985857764e-01
   -6.9953295081152211e-01
   -7.6707546750527822e-01
   -8.2562472568632295e-01
   -8.7449428883458113e-01
   -9.1311120600400708e-01
   -9.4102272914857332e-01
   -9.5790162117915878e-01
   -9.6354999251922291e-01
    9.9853341385112382e-01
    9.9267996819632498e-01
    9.7518825753037452e-01
    9.4626335616800716e-01
    9.0624438213140712e-01
    8.5560052130145670e-01
    7.9492552664226346e-01
    7.2493075699052978e-01
    6.4643683702359422e-01
    5.6036403618539332e-01
    4.6772147936864317e-01
    3.6959531584812244e-01
    2.6713598517350218e-01
    1.6154472931748304e-01
    5.4059509211970960e-02
   -5.4059509211970835e-02
   -1.6154472931748293e-01
   -2.6713598517350184e-01
   -3.6959531584812233e-01
   -4.6772147936864306e-01
   -5.6036403618539332e-01
   -6.4643683702359422e-01
   -7.2493075699052956e-01
   -7.9492552664226346e-01
   -8.5560052130145647e-01
   -9.0624438213140701e-01
   -9.4626335616800705e-01
   -9.7518825753037452e-01
   -9.9267996819632498e-01
   -9.9853341385112382e-01
    9.8682652254152614e-01
    9.8104170318517336e-01
    9.6375506683395762e-01
    9.3516928349377448e-01
    8.9561949533805674e-01
    8.4556938747221400e-01
    7.8560575164972313e-01
    7.1643160667532779e-01
    6.3885795615232910e-01
    5.5379428020684385e-01
    4.6223787266487260e-01
    3.6526214869402313e-01
    2.6400405999210330e-01
    1.5965076506799011e-01
    5.3425710893541235e-02
   -5.3425710893541110e-02
   -1.5965076506799000e-01
   -2.6400405999210297e-01
   -3.6526214869402301e-01
   -4.6223787266487248e-01
   -5.5379428020684385e-01
   -6.3885795615232910e-01
   -7.1643160667532757e-01
   -7.8560575164972313e-01
   -8.4556938747221377e-01
   -8.9561949533805663e-01
   -9.3516928349377448e-01
   -9.6375506683395762e-01
   -9.8104170318517336e-01
   -9.8682652254152614e-01
    9.2897671981679142e-01
    9.2353101848262287e-01
    9.0725776034920835e-01
    8.8034773448938020e-01
    8.4311643635227351e-01
    7.9600036886764569e-01
    7.3955192484812238e-01
    6.7443291068852795e-01
    6.0140678729100150e-01
    5.2132971918395721e-01
    4.3514053677578912e-01
    3.4384972942671183e-01
    2.4852759838491184e-01
    1.5029170848299894e-01
    5.0293785712142380e-02
   -5.0293785712142262e-02
   -1.5029170848299883e-01
   -2.4852759838491154e-01
   -3.4384972942671171e-01
   -4.3514053677578901e-01
   -5.2132971918395721e-01
   -6.0140678729100150e-01
   -6.7443291068852773e-01
   -7.3955192484812238e-01
   -7.9600036886764547e-01
   -8.4311643635227340e-01
   -8.8034773448938008e-01
   -9.0725776034920835e-01
   -9.2353101848262287e-01
   -9.2897671981679142e-01
    8.2768899815689057e-01
    8.2283704978682970e-01
    8.0833808933510731e-01
    7.8436210385649408e-01
    7.5119018985927388e-01
    7.0921125770569426e-01
    6.5891747199355188e-01
    6.0089848137627511e-01
    5.3583450547158240e-01
    4.6448835990839565e-01
    3.8769651301104058e-01
    3.0635927897293341e-01
    2.2143026249582837e-01
    1.3390517864657947e-01
    4.4810179008371781e-02
   -4.4810179008371677e-02
   -1.3390517864657936e-01
   -2.2143026249582809e-01
   -3.0635927897293330e-01
   -3.8769651301104052e-01
   -4.6448835990839565e-01
   -5.3583450547158240e-01
   -6.0089848137627488e-01
   -6.5891747199355188e-01
   -7.0921125770569404e-01
   -7.5119018985927377e-01
   -7.8436210385649396e-01
   -8.0833808933510731e-01
   -8.2283704978682970e-01
   -8.2768899815689057e-01
    6.8769945885342354e-01
    6.8366813516070102e-01
    6.7162142766695632e-01
    6.5170057300314399e-01
    6.2413912497638591e-01
    5.8926021636512371e-01
    5.4747277048273413e-01
    4.9926670692556208e-01
    4.4520719771359124e-01
    3.8592804116525109e-01
    3.2212423119162159e-01
    2.5454380912826369e-01
    1.8397909363450077e-01
    1.1125739148156281e-01
    3.7231298137106655e-02
   -3.7231298137106572e-02
   -1.1125739148156275e-01
   -1.8397909363450055e-01
   -2.5454380912826358e-01
   -3.2212423119162154e-01
   -3.8592804116525109e-01
   -4.4520719771359124e-01
   -4.9926670692556196e-01
   -5.4747277048273413e-01
   -5.8926021636512360e-01
   -6.2413912497638580e-01
   -6.5170057300314388e-01
   -6.7162142766695632e-01
   -6.8366813516070102e-01
   -6.8769945885342354e-01
    5.1555385717702207e-01
    5.1253165837701520e-01
    5.0350049449470191e-01
    4.8856624766933060e-01
    4.6790400829041645e-01
    4.4175602222301175e-01
    4.1042885069642510e-01
    3.7428977615409970e-01
    3.3376249620277332e-01
    2.8932215614542978e-01
    2.4148977833705124e-01
    1.9082615367388073e-01
    1.3792526683289999e-01
    8.3407332344577603e-02
    2.7911523144566245e-02
   -2.7911523144566179e-02
   -8.3407332344577548e-02
   -1.3792526683289982e-01
   -1.9082615367388067e-01
   -2.4148977833705115e-01
   -2.8932215614542978e-01
   -3.3376249620277332e-01
   -3.7428977615409958e-01
   -4.1042885069642510e-01
   -4.4175602222301164e-01
   -4.6790400829041640e-01
   -4.8856624766933054e-01
   -5.0350049449470191e-01
   -5.1253165837701520e-01
   -5.1555385717702207e-01
    3.1930153013598023e-01
    3.1742977088564456e-01
    3.1183643780048198e-01
    3.0258710759688284e-01
    2.8979022021474099e-01
    2.7359580745830642e-01
    2.5419373401045547e-01
    2.3181147144287936e-01
    2.0671143131988504e-01
    1.7918788866272900e-01
    1.4956353184405155e-01
    1.1818567936174386e-01
    8.5422207847116766e-02
    5.1657239047751692e-02
    1.7286636351215801e-02
   -1.7286636351215759e-02
   -5.1657239047751657e-02
   -8.5422207847116668e-02
   -1.1818567936174383e-01
   -1.4956353184405152e-01
   -1.7918788866272900e-01
   -2.0671143131988504e-01
   -2.3181147144287928e-01
   -2.5419373401045547e-01
   -2.7359580745830636e-01
   -2.8979022021474093e-01
   -3.0258710759688279e-01
   -3.1183643780048198e-01
   -3.1742977088564456e-01
   -3.1930153013598023e-01
    1.0811901842394192e-01
    1.0748522010551219e-01
    1.0559125585601925e-01
    1.0245933067462040e-01
    9.8126163520521018e-02
    9.2642556816750432e-02
    8.6072800838200902e-02
    7.8493919966935763e-02
    6.9994769651733735e-02
    6.0674994659193307e-02
    5.0643860829950517e-02
    4.0018974036600097e-02
    2.8924901362367413e-02
    1.7491710665950490e-02
    5.8534456547988736e-03
   -5.8534456547988606e-03
   -1.7491710665950479e-02
   -2.8924901362367379e-02
   -4.0018974036600090e-02
   -5.0643860829950503e-02
   -6.0674994659193307e-02
   -6.9994769651733735e-02
   -7.8493919966935735e-02
   -8.6072800838200902e-02
   -9.2642556816750404e-02
   -9.8126163520521004e-02
   -1.0245933067462039e-01
   -1.0559125585601925e-01
   -1.0748522010551219e-01
   -1.0811901842394192e-01
   -1.0811901842394168e-01
   -1.0748522010551195e-01
   -1.0559125585601903e-01
   -1.0245933067462018e-01
   -9.8126163520520809e-02
   -9.2642556816750224e-02
   -8.6072800838200722e-02
   -7.8493919966935596e-02
   -6.9994769651733582e-02
   -6.0674994659193175e-02
   -5.0643860829950406e-02
   -4.0018974036600014e-02
   -2.8924901362367351e-02
   -1.7491710665950452e-02
   -5.8534456547988615e-03
    5.8534456547988476e-03
    1.7491710665950441e-02
    2.8924901362367316e-02
    4.0018974036600000e-02
    5.0643860829950392e-02
    6.0674994659193175e-02
    6.9994769651733582e-02
    7.8493919966935569e-02
    8.6072800838200722e-02
    9.2642556816750210e-02
    9.8126163520520795e-02
    1.0245933067462017e-01
    1.0559125585601903e-01
    1.0748522010551195e-01
    1.0811901842394168e-01
   -3.1930153013597995e-01
   -3.1742977088564428e-01
   -3.1183643780048170e-01
   -3.0258710759688257e-01
   -2.8979022021474071e-01
   -2.7359580745830619e-01
   -2.5419373401045525e-01
   -2.3181147144287914e-01
   -2.0671143131988484e-01
   -1.7918788866272886e-01
   -1.4956353184405141e-01
   -1.1818567936174376e-01
   -8.5422207847116696e-02
   -5.1657239047751650e-02
   -1.7286636351215783e-02
    1.7286636351215745e-02
    5.1657239047751616e-02
    8.5422207847116585e-02
    1.1818567936174372e-01
    1.4956353184405138e-01
    1.7918788866272886e-01
    2.0671143131988484e-01
    2.3181147144287909e-01
    2.5419373401045525e-01
    2.7359580745830614e-01
    2.8979022021474071e-01
    3.0258710759688251e-01
    3.1183643780048170e-01
    3.1742977088564428e-01
    3.1930153013597995e-01
   -5.1555385717702140e-01
   -5.1253165837701453e-01
   -5.0350049449470125e-01
   -4.8856624766932993e-01
   -4.6790400829041584e-01
   -4.4175602222301119e-01
   -4.1042885069642460e-01
   -3.7428977615409920e-01
   -3.3376249620277287e-01
   -2.8932215614542939e-01
   -2.4148977833705090e-01
   -1.9082615367388048e-01
   -1.3792526683289982e-01
   -8.3407332344577492e-02
   -2.7911523144566207e-02
    2.7911523144566144e-02
    8.3407332344577437e-02
    1.3792526683289966e-01
    1.9082615367388042e-01
    2.4148977833705085e-01
    2.8932215614542939e-01
    3.3376249620277287e-01
    3.7428977615409909e-01
    4.1042885069642460e-01
    4.4175602222301108e-01
    4.6790400829041578e-01
    4.8856624766932988e-01
    5.0350049449470125e-01
    5.1253165837701453e-01
    5.1555385717702140e-01
   -6.8769945885342343e-01
   -6.8366813516070091e-01
   -6.7162142766695632e-01
   -6.5170057300314388e-01
   -6.2413912497638580e-01
   -5.8926021636512360e-01
   -5.4747277048273402e-01
   -4.9926670692556202e-01
   -4.4520719771359119e-01
   -3.8592804116525103e-01
   -3.2212423119162159e-01
   -2.5454380912826363e-01
   -1.8397909363450074e-01
   -1.1125739148156280e-01
   -3.7231298137106648e-02
    3.7231298137106565e-02
    1.1125739148156272e-01
    1.8397909363450052e-01
    2.5454380912826358e-01
    3.2212423119162148e-01
    3.8592804116525103e-01
    4.4520719771359119e-01
    4.9926670692556185e-01
    5.4747277048273402e-01
    5.8926021636512349e-01
    6.2413912497638568e-01
    6.5170057300314377e-01
    6.7162142766695632e-01
    6.8366813516070091e-01
    6.8769945885342343e-01
   -8.2768899815689045e-01
   -8.2283704978682959e-01
   -8.0833808933510720e-01
   -7.8436210385649396e-01
   -7.5119018985927377e-01
   -7.0921125770569415e-01
   -6.5891747199355188e-01
   -6.0089848137627500e-01
   -5.3583450547158229e-01
   -4.6448835990839560e-01
   -3.8769651301104052e-01
   -3.0635927897293336e-01
   -2.2143026249582834e-01
   -1.3390517864657944e-01
   -4.4810179008371774e-02
    4.4810179008371670e-02
    1.3390517864657936e-01
    2.2143026249582806e-01
    3.0635927897293330e-01
    3.8769651301104047e-01
    4.6448835990839560e-01
    5.3583450547158229e-01
    6.0089848137627488e-01
    6.5891747199355188e-01
    7.0921125770569393e-01
    7.5119018985927377e-01
    7.8436210385649385e-01
    8.0833808933510720e-01
    8.2283704978682959e-01
    8.2768899815689045e-01
   -9.2897671981679142e-01
   -9.2353101848262287e-01
   -9.0725776034920835e-01
   -8.8034773448938020e-01
   -8.4311643635227351e-01
   -7.9600036886764569e-01
   -7.3955192484812238e-01
   -6.7443291068852795e-01
   -6.0140678729100150e-01
   -5.2132971918395721e-01
   -4.3514053677578912e-01
   -3.4384972942671183e-01
   -2.4852759838491184e-01
   -1.5029170848299894e-01
   -5.0293785712142380e-02
    5.0293785712142262e-02
    1.5029170848299883e-01
    2.4852759838491154e-01
    3.4384972942671171e-01
    4.3514053677578901e-01
    5.2132971918395721e-01
    6.0140678729100150e-01
    6.7443291068852773e-01
    7.3955192484812238e-01
    7.9600036886764547e-01
    8.4311643635227340e-01
    8.8034773448938008e-01
    9.0725776034920835e-01
    9.2353101848262287e-01
    9.2897671981679142e-01
   -9.8682652254152614e-01
   -9.8104170318517336e-01
   -9.6375506683395762e-01
   -9.3516928349377448e-01
   -8.9561949533805674e-01
   -8.4556938747221400e-01
   -7.8560575164972313e-01
   -7.1643160667532779e-01
   -6.3885795615232910e-01
   -5.5379428020684385e-01
   -4.6223787266487260e-01
   -3.6526214869402313e-01
   -2.6400405999210330e-01
   -1.5965076506799011e-01
   -5.3425710893541235e-02
    5.3425710893541110e-02
    1.5965076506799000e-01
    2.6400405999210297e-01
    3.6526214869402301e-01
    4.6223787266487248e-01
    5.5379428020684385e-01
    6.3885795615232910e-01
    7.1643160667532757e-01
    7.8560575164972313e-01
    8.4556938747221377e-01
    8.9561949533805663e-01
    9.3516928349377448e-01
    9.6375506683395762e-01
    9.8104170318517336e-01
    9.8682652254152614e-01
   -9.9853341385112393e-01
   -9.9267996819632509e-01
   -9.7518825753037464e-01
   -9.4626335616800727e-01
   -9.0624438213140723e-01
   -8.5560052130145681e-01
   -7.9492552664226357e-01
   -7.2493075699052989e-01
   -6.4643683702359434e-01
   -5.6036403618539343e-01
   -4.6772147936864322e-01
   -3.6959531584812250e-01
   -2.6713598517350218e-01
   -1.6154472931748304e-01
   -5.4059509211970967e-02
    5.4059509211970842e-02
    1.6154472931748293e-01
    2.6713598517350184e-01
    3.6959531584812239e-01
    4.6772147936864311e-01
    5.6036403618539343e-01
    6.4643683702359434e-01
    7.2493075699052967e-01
    7.9492552664226357e-01
    8.5560052130145658e-01
    9.0624438213140712e-01
    9.4626335616800716e-01
    9.7518825753037464e-01
    9.9267996819632509e-01
    9.9853341385112393e-01
   -9.6354999251922291e-01
   -9.5790162117915878e-01
   -9.4102272914857332e-01
   -9.1311120600400719e-01
   -8.7449428883458125e-01
   -8.2562472568632306e-01
   -7.6707546750527822e-01
   -6.9953295081152223e-01
   -6.2378904985857764e-01
   -5.4073179263180815e-01
   -4.5133494953222369e-01
   -3.5664661680885362e-01
   -2.5777692858851103e-01
   -1.5588504156816152e-01
   -5.2165544962478029e-02
    5.2165544962477911e-02
    1.5588504156816141e-01
    2.5777692858851070e-01
    3.5664661680885351e-01
    4.5133494953222358e-01
    5.4073179263180815e-01
    6.2378904985857764e-01
    6.9953295081152211e-01
    7.6707546750527822e-01
    8.2562472568632295e-01
    8.7449428883458113e-01
    9.1311120600400708e-01
    9.4102272914857332e-01
    9.5790162117915878e-01
    9.6354999251922291e-01
   -8.8351204444602327e-01
   -8.7833285898684132e-01
   -8.6285602382343007e-01
   -8.3726299069747501e-01
   -8.0185381452244475e-01
   -7.5704363551407317e-01
   -7.0335781205089565e-01
   -6.4142576132760165e-01
   -5.7197358001390808e-01
   -4.9581553143498247e-01
   -4.1384449907844545e-01
   -3.2702151835184767e-01
   -2.3636450932119984e-01
   -1.4293634252889276e-01
   -4.7832377808378672e-02
    4.7832377808378561e-02
    1.4293634252889265e-01
    2.3636450932119954e-01
    3.2702151835184756e-01
    4.1384449907844534e-01
    4.9581553143498247e-01
    5.7197358001390808e-01
    6.4142576132760154e-01
    7.0335781205089565e-01
    7.5704363551407294e-01
    8.0185381452244464e-01
    8.3726299069747501e-01
    8.6285602382343007e-01
    8.7833285898684132e-01
    8.8351204444602327e-01
   -7.6216205512763679e-01
   -7.5769422850515722e-01
   -7.4434312981989437e-01
   -7.2226528849690697e-01
   -6.9171954703974403e-01
   -6.5306402633875338e-01
   -6.0675192703107428e-01
   -5.5332621613753308e-01
   -4.9341326127076335e-01
   -4.2771548704764073e-01
   -3.5700313980288384e-01
   -2.8210525715502177e-01
   -2.0389994829831320e-01
   -1.2330409897530750e-01
   -4.1262621829829142e-02
    4.1262621829829052e-02
    1.2330409897530742e-01
    2.0389994829831296e-01
    2.8210525715502166e-01
    3.5700313980288378e-01
    4.2771548704764073e-01
    4.9341326127076335e-01
    5.5332621613753286e-01
    6.0675192703107428e-01
    6.5306402633875316e-01
    6.9171954703974392e-01
    7.2226528849690685e-01
    7.4434312981989437e-01
    7.5769422850515722e-01
    7.6216205512763679e-01
   -6.0517421519376557e-01
   -6.0162665801522297e-01
   -5.9102557834395086e-01
   -5.7349526414643570e-01
   -5.4924124232852378e-01
   -5.1854786912036699e-01
   -4.8177499625961179e-01
   -4.3935375205879246e-01
   -3.9178148682005021e-01
   -3.3961594185757210e-01
   -2.8346871049063099e-01
   -2.2399806767110089e-01
   -1.6190125231151334e-01
   -9.7906292796299949e-02
   -3.2763471514627121e-02
    3.2763471514627045e-02
    9.7906292796299879e-02
    1.6190125231151314e-01
    2.2399806767110081e-01
    2.8346871049063094e-01
    3.3961594185757210e-01
    3.9178148682005021e-01
    4.3935375205879235e-01
    4.8177499625961179e-01
    5.1854786912036688e-01
    5.4924124232852378e-01
    5.7349526414643559e-01
    5.9102557834395086e-01
    6.0162665801522297e-01
    6.0517421519376557e-01
   -4.1988910156026493e-01
   -4.1742769365650123e-01
   -4.1007232770239493e-01
   -3.9790923863868288e-01
   -3.8108102756381851e-01
   -3.5978498986647472e-01
   -3.3427080211749971e-01
   -3.0483759484040601e-01
   -2.7183044547947943e-01
   -2.3563633268225237e-01
   -1.9667959932867951e-01
   -1.5541697749885050e-01
   -1.1233223370694501e-01
   -6.7930497181166311e-02
   -2.2732337685384314e-02
    2.2732337685384262e-02
    6.7930497181166269e-02
    1.1233223370694487e-01
    1.5541697749885044e-01
    1.9667959932867948e-01
    2.3563633268225237e-01
    2.7183044547947943e-01
    3.0483759484040590e-01
    3.3427080211749971e-01
    3.5978498986647461e-01
    3.8108102756381851e-01
    3.9790923863868283e-01
    4.1007232770239493e-01
    4.1742769365650123e-01
    4.1988910156026493e-01
   -2.1497044021102438e-01
   -2.1371027427996117e-01
   -2.0994455078013258e-01
   -2.0371741937654028e-01
   -1.9510188749137083e-01
   -1.8419896435872193e-01
   -1.7113647678368618e-01
   -1.5606757048993464e-01
   -1.3916891462612910e-01
   -1.2063863048168423e-01
   -1.0069396869579339e-01
   -7.9568762192317954e-02
   -5.7510684702550587e-02
   -3.4778347017166290e-02
   -1.1638265011151630e-02
    1.1638265011151604e-02
    3.4778347017166263e-02
    5.7510684702550517e-02
    7.9568762192317927e-02
    1.0069396869579338e-01
    1.2063863048168423e-01
    1.3916891462612910e-01
    1.5606757048993458e-01
    1.7113647678368618e-01
    1.8419896435872188e-01
    1.9510188749137081e-01
    2.0371741937654025e-01
    2.0994455078013258e-01
    2.1371027427996117e-01
    2.1497044021102438e-01
   -2.4492935982947064e-16
   -2.4349357342799500e-16
   -2.3920304750637337e-16
   -2.3210808455817157e-16
   -2.2229186653697065e-16
   -2.0986947962401560e-16
   -1.9498656494796404e-16
   -1.7781761107581405e-16
   -1.5856390829399244e-16
   -1.3745118866378759e-16
   -1.1472697951932017e-16
   -9.0657701435866437e-17
   -6.5525544692204005e-17
   -3.9625160847602322e-17
   -1.3260208221692567e-17
    1.3260208221692536e-17
    3.9625160847602291e-17
    6.5525544692203919e-17
    9.0657701435866412e-17
    1.1472697951932012e-16
    1.3745118866378759e-16
    1.5856390829399244e-16
    1.7781761107581400e-16
    1.9498656494796404e-16
    2.0986947962401552e-16
    2.2229186653697061e-16
    2.3210808455817152e-16
    2.3920304750637337e-16
    2.4349357342799500e-16
    2.4492935982947064e-16
